"","Provider.ID","Hospital.Name","Location","Measure.Response.OP_17","Measure.Response.SM_PART_NURSE","Measure.Response.OP_25","Measure.Response.SM_PART_STROKE","Measure.Response.SM_PART_CARD","Measure.Response.OP_12","Measure.Response.SM_PART_GEN_SURG","Measure.Response.ACS_REGISTRY","DRG.Definition","Provider.Name","Provider.Street.Address","Provider.City","Provider.State","Provider.Zip.Code","Hospital.Referral.Region.Description","Total.Discharges","Average.Covered.Charges","Average.Total.Payments","Average.Medicare.Payments"
"12",110001,"HAMILTON MEDICAL CENTER","1200 MEMORIAL DRIVE
DALTON, GA 30720
(34.78888774700005, -84.98424090099996)","Yes","Y","Yes","Y","Does not have a Cardiac Surgery Program","Yes","Y",NA,"243 - PERMANENT CARDIAC PACEMAKER IMPLANT W CC","HAMILTON MEDICAL CENTER","1200 MEMORIAL DRIVE","DALTON","GA",30720,"GA - Atlanta",14,"$55521.00","$16248.35","$15204.07"
"14",110001,"HAMILTON MEDICAL CENTER","1200 MEMORIAL DRIVE
DALTON, GA 30720
(34.78888774700005, -84.98424090099996)","Yes","Y","Yes","Y","Does not have a Cardiac Surgery Program","Yes","Y",NA,"329 - MAJOR SMALL & LARGE BOWEL PROCEDURES W MCC","HAMILTON MEDICAL CENTER","1200 MEMORIAL DRIVE","DALTON","GA",30720,"GA - Atlanta",15,"$95213.46","$32493.93","$28518.86"
"23",110001,"HAMILTON MEDICAL CENTER","1200 MEMORIAL DRIVE
DALTON, GA 30720
(34.78888774700005, -84.98424090099996)","Yes","Y","Yes","Y","Does not have a Cardiac Surgery Program","Yes","Y",NA,"246 - PERC CARDIOVASC PROC W DRUG-ELUTING STENT W MCC OR 4+ VESSELS/STENTS","HAMILTON MEDICAL CENTER","1200 MEMORIAL DRIVE","DALTON","GA",30720,"GA - Atlanta",24,"$69994.66","$20472.25","$16495.08"
"43",110001,"HAMILTON MEDICAL CENTER","1200 MEMORIAL DRIVE
DALTON, GA 30720
(34.78888774700005, -84.98424090099996)","Yes","Y","Yes","Y","Does not have a Cardiac Surgery Program","Yes","Y",NA,"252 - OTHER VASCULAR PROCEDURES W MCC","HAMILTON MEDICAL CENTER","1200 MEMORIAL DRIVE","DALTON","GA",30720,"GA - Atlanta",11,"$74285.90","$19437.36","$18617.00"
"51",110001,"HAMILTON MEDICAL CENTER","1200 MEMORIAL DRIVE
DALTON, GA 30720
(34.78888774700005, -84.98424090099996)","Yes","Y","Yes","Y","Does not have a Cardiac Surgery Program","Yes","Y",NA,"330 - MAJOR SMALL & LARGE BOWEL PROCEDURES W CC","HAMILTON MEDICAL CENTER","1200 MEMORIAL DRIVE","DALTON","GA",30720,"GA - Atlanta",27,"$38828.29","$15127.62","$14293.85"
"53",110001,"HAMILTON MEDICAL CENTER","1200 MEMORIAL DRIVE
DALTON, GA 30720
(34.78888774700005, -84.98424090099996)","Yes","Y","Yes","Y","Does not have a Cardiac Surgery Program","Yes","Y",NA,"247 - PERC CARDIOVASC PROC W DRUG-ELUTING STENT W/O MCC","HAMILTON MEDICAL CENTER","1200 MEMORIAL DRIVE","DALTON","GA",30720,"GA - Atlanta",42,"$59177.95","$14675.38","$9667.28"
"60",110001,"HAMILTON MEDICAL CENTER","1200 MEMORIAL DRIVE
DALTON, GA 30720
(34.78888774700005, -84.98424090099996)","Yes","Y","Yes","Y","Does not have a Cardiac Surgery Program","Yes","Y",NA,"253 - OTHER VASCULAR PROCEDURES W CC","HAMILTON MEDICAL CENTER","1200 MEMORIAL DRIVE","DALTON","GA",30720,"GA - Atlanta",15,"$63709.00","$18105.73","$14045.93"
"71",110001,"HAMILTON MEDICAL CENTER","1200 MEMORIAL DRIVE
DALTON, GA 30720
(34.78888774700005, -84.98424090099996)","Yes","Y","Yes","Y","Does not have a Cardiac Surgery Program","Yes","Y",NA,"418 - LAPAROSCOPIC CHOLECYSTECTOMY W/O C.D.E. W CC","HAMILTON MEDICAL CENTER","1200 MEMORIAL DRIVE","DALTON","GA",30720,"GA - Atlanta",15,"$32836.33","$11619.20","$9646.26"
"111",110003,"MAYO CLINIC HEALTH SYSTEM IN WAYCROSS, INC","1900 TEBEAU STREET
WAYCROSS, GA 31501
(31.226013540000054, -82.34916085199995)","Yes","N","Yes","N","Does not have a Cardiac Surgery Program","Yes","N",NA,"249 - PERC CARDIOVASC PROC W NON-DRUG-ELUTING STENT W/O MCC","SATILLA REGIONAL MEDICAL CENTER","410 DARLING AVENUE","WAYCROSS","GA",31501,"FL - Jacksonville",14,"$38514.28","$10031.78","$9310.92"
"118",110003,"MAYO CLINIC HEALTH SYSTEM IN WAYCROSS, INC","1900 TEBEAU STREET
WAYCROSS, GA 31501
(31.226013540000054, -82.34916085199995)","Yes","N","Yes","N","Does not have a Cardiac Surgery Program","Yes","N",NA,"243 - PERMANENT CARDIAC PACEMAKER IMPLANT W CC","SATILLA REGIONAL MEDICAL CENTER","410 DARLING AVENUE","WAYCROSS","GA",31501,"FL - Jacksonville",15,"$40902.66","$14767.66","$13939.66"
"119",110003,"MAYO CLINIC HEALTH SYSTEM IN WAYCROSS, INC","1900 TEBEAU STREET
WAYCROSS, GA 31501
(31.226013540000054, -82.34916085199995)","Yes","N","Yes","N","Does not have a Cardiac Surgery Program","Yes","N",NA,"330 - MAJOR SMALL & LARGE BOWEL PROCEDURES W CC","SATILLA REGIONAL MEDICAL CENTER","410 DARLING AVENUE","WAYCROSS","GA",31501,"FL - Jacksonville",18,"$40657.11","$14528.88","$13531.55"
"139",110003,"MAYO CLINIC HEALTH SYSTEM IN WAYCROSS, INC","1900 TEBEAU STREET
WAYCROSS, GA 31501
(31.226013540000054, -82.34916085199995)","Yes","N","Yes","N","Does not have a Cardiac Surgery Program","Yes","N",NA,"254 - OTHER VASCULAR PROCEDURES W/O CC/MCC","SATILLA REGIONAL MEDICAL CENTER","410 DARLING AVENUE","WAYCROSS","GA",31501,"FL - Jacksonville",12,"$34169.33","$9154.25","$8588.25"
"153",110003,"MAYO CLINIC HEALTH SYSTEM IN WAYCROSS, INC","1900 TEBEAU STREET
WAYCROSS, GA 31501
(31.226013540000054, -82.34916085199995)","Yes","N","Yes","N","Does not have a Cardiac Surgery Program","Yes","N",NA,"252 - OTHER VASCULAR PROCEDURES W MCC","SATILLA REGIONAL MEDICAL CENTER","410 DARLING AVENUE","WAYCROSS","GA",31501,"FL - Jacksonville",18,"$36158.66","$16464.00","$16025.55"
"163",110003,"MAYO CLINIC HEALTH SYSTEM IN WAYCROSS, INC","1900 TEBEAU STREET
WAYCROSS, GA 31501
(31.226013540000054, -82.34916085199995)","Yes","N","Yes","N","Does not have a Cardiac Surgery Program","Yes","N",NA,"419 - LAPAROSCOPIC CHOLECYSTECTOMY W/O C.D.E. W/O CC/MCC","SATILLA REGIONAL MEDICAL CENTER","410 DARLING AVENUE","WAYCROSS","GA",31501,"FL - Jacksonville",16,"$26363.37","$7140.93","$4876.75"
"173",110003,"MAYO CLINIC HEALTH SYSTEM IN WAYCROSS, INC","1900 TEBEAU STREET
WAYCROSS, GA 31501
(31.226013540000054, -82.34916085199995)","Yes","N","Yes","N","Does not have a Cardiac Surgery Program","Yes","N",NA,"247 - PERC CARDIOVASC PROC W DRUG-ELUTING STENT W/O MCC","SATILLA REGIONAL MEDICAL CENTER","410 DARLING AVENUE","WAYCROSS","GA",31501,"FL - Jacksonville",20,"$42353.40","$11132.75","$10180.15"
"175",110003,"MAYO CLINIC HEALTH SYSTEM IN WAYCROSS, INC","1900 TEBEAU STREET
WAYCROSS, GA 31501
(31.226013540000054, -82.34916085199995)","Yes","N","Yes","N","Does not have a Cardiac Surgery Program","Yes","N",NA,"253 - OTHER VASCULAR PROCEDURES W CC","SATILLA REGIONAL MEDICAL CENTER","410 DARLING AVENUE","WAYCROSS","GA",31501,"FL - Jacksonville",16,"$38693.75","$13597.12","$13048.81"
"217",110005,"NORTHSIDE HOSPITAL FORSYTH","1200 NORTHSIDE FORSYTH DRIVE
CUMMING, GA 30041
(34.17882827200003, -84.13858242899994)","No","Y","Yes","Y","Does not have a Cardiac Surgery Program","No","N",NA,"249 - PERC CARDIOVASC PROC W NON-DRUG-ELUTING STENT W/O MCC","NORTHSIDE HOSPITAL FORSYTH","1200 NORTHSIDE FORSYTH DRIVE","CUMMING","GA",30041,"GA - Atlanta",29,"$73909.31","$10106.34","$9172.82"
"221",110005,"NORTHSIDE HOSPITAL FORSYTH","1200 NORTHSIDE FORSYTH DRIVE
CUMMING, GA 30041
(34.17882827200003, -84.13858242899994)","No","Y","Yes","Y","Does not have a Cardiac Surgery Program","No","N",NA,"330 - MAJOR SMALL & LARGE BOWEL PROCEDURES W CC","NORTHSIDE HOSPITAL FORSYTH","1200 NORTHSIDE FORSYTH DRIVE","CUMMING","GA",30041,"GA - Atlanta",28,"$59532.75","$14640.21","$13848.53"
"227",110005,"NORTHSIDE HOSPITAL FORSYTH","1200 NORTHSIDE FORSYTH DRIVE
CUMMING, GA 30041
(34.17882827200003, -84.13858242899994)","No","Y","Yes","Y","Does not have a Cardiac Surgery Program","No","N",NA,"243 - PERMANENT CARDIAC PACEMAKER IMPLANT W CC","NORTHSIDE HOSPITAL FORSYTH","1200 NORTHSIDE FORSYTH DRIVE","CUMMING","GA",30041,"GA - Atlanta",14,"$75832.35","$13932.71","$12881.57"
"237",110005,"NORTHSIDE HOSPITAL FORSYTH","1200 NORTHSIDE FORSYTH DRIVE
CUMMING, GA 30041
(34.17882827200003, -84.13858242899994)","No","Y","Yes","Y","Does not have a Cardiac Surgery Program","No","N",NA,"419 - LAPAROSCOPIC CHOLECYSTECTOMY W/O C.D.E. W/O CC/MCC","NORTHSIDE HOSPITAL FORSYTH","1200 NORTHSIDE FORSYTH DRIVE","CUMMING","GA",30041,"GA - Atlanta",12,"$35999.75","$6537.33","$5095.08"
"251",110005,"NORTHSIDE HOSPITAL FORSYTH","1200 NORTHSIDE FORSYTH DRIVE
CUMMING, GA 30041
(34.17882827200003, -84.13858242899994)","No","Y","Yes","Y","Does not have a Cardiac Surgery Program","No","N",NA,"329 - MAJOR SMALL & LARGE BOWEL PROCEDURES W MCC","NORTHSIDE HOSPITAL FORSYTH","1200 NORTHSIDE FORSYTH DRIVE","CUMMING","GA",30041,"GA - Atlanta",23,"$174576.73","$35161.65","$34282.69"
"259",110005,"NORTHSIDE HOSPITAL FORSYTH","1200 NORTHSIDE FORSYTH DRIVE
CUMMING, GA 30041
(34.17882827200003, -84.13858242899994)","No","Y","Yes","Y","Does not have a Cardiac Surgery Program","No","N",NA,"253 - OTHER VASCULAR PROCEDURES W CC","NORTHSIDE HOSPITAL FORSYTH","1200 NORTHSIDE FORSYTH DRIVE","CUMMING","GA",30041,"GA - Atlanta",16,"$63457.68","$13546.81","$13053.56"
"262",110005,"NORTHSIDE HOSPITAL FORSYTH","1200 NORTHSIDE FORSYTH DRIVE
CUMMING, GA 30041
(34.17882827200003, -84.13858242899994)","No","Y","Yes","Y","Does not have a Cardiac Surgery Program","No","N",NA,"252 - OTHER VASCULAR PROCEDURES W MCC","NORTHSIDE HOSPITAL FORSYTH","1200 NORTHSIDE FORSYTH DRIVE","CUMMING","GA",30041,"GA - Atlanta",13,"$105592.00","$17962.69","$17186.38"
"270",110005,"NORTHSIDE HOSPITAL FORSYTH","1200 NORTHSIDE FORSYTH DRIVE
CUMMING, GA 30041
(34.17882827200003, -84.13858242899994)","No","Y","Yes","Y","Does not have a Cardiac Surgery Program","No","N",NA,"247 - PERC CARDIOVASC PROC W DRUG-ELUTING STENT W/O MCC","NORTHSIDE HOSPITAL FORSYTH","1200 NORTHSIDE FORSYTH DRIVE","CUMMING","GA",30041,"GA - Atlanta",25,"$77228.64","$14434.04","$7274.44"
"308",110006,"ST MARY'S HOSPITAL","1230 BAXTER STREET
ATHENS, GA 30606
(33.945938289000026, -83.40443372499999)","Yes","Y","Yes","Y","Does not have a Cardiac Surgery Program","Yes","N",NA,"330 - MAJOR SMALL & LARGE BOWEL PROCEDURES W CC","ST MARY'S HOSPITAL","1230 BAXTER STREET","ATHENS","GA",30606,"GA - Atlanta",11,"$66948.63","$18229.09","$17308.81"
"311",110006,"ST MARY'S HOSPITAL","1230 BAXTER STREET
ATHENS, GA 30606
(33.945938289000026, -83.40443372499999)","Yes","Y","Yes","Y","Does not have a Cardiac Surgery Program","Yes","N",NA,"243 - PERMANENT CARDIAC PACEMAKER IMPLANT W CC","ST MARY'S HOSPITAL","1230 BAXTER STREET","ATHENS","GA",30606,"GA - Atlanta",14,"$71478.35","$16077.00","$15351.57"
"315",110006,"ST MARY'S HOSPITAL","1230 BAXTER STREET
ATHENS, GA 30606
(33.945938289000026, -83.40443372499999)","Yes","Y","Yes","Y","Does not have a Cardiac Surgery Program","Yes","N",NA,"247 - PERC CARDIOVASC PROC W DRUG-ELUTING STENT W/O MCC","ST MARY'S HOSPITAL","1230 BAXTER STREET","ATHENS","GA",30606,"GA - Atlanta",27,"$61325.25","$12094.18","$11134.62"
"323",110006,"ST MARY'S HOSPITAL","1230 BAXTER STREET
ATHENS, GA 30606
(33.945938289000026, -83.40443372499999)","Yes","Y","Yes","Y","Does not have a Cardiac Surgery Program","Yes","N",NA,"244 - PERMANENT CARDIAC PACEMAKER IMPLANT W/O CC/MCC","ST MARY'S HOSPITAL","1230 BAXTER STREET","ATHENS","GA",30606,"GA - Atlanta",16,"$69350.68","$13160.93","$11562.56"
"338",110007,"PHOEBE PUTNEY MEMORIAL HOSPITAL","417 THIRD AVENUE
ALBANY, GA 31703
(31.40303099600004, -83.97599662499994)","Yes","Y","Yes","N","Y","Yes","N",NA,"330 - MAJOR SMALL & LARGE BOWEL PROCEDURES W CC","PHOEBE PUTNEY MEMORIAL HOSPITAL","417 THIRD AVENUE","ALBANY","GA",31703,"GA - Albany",35,"$58692.34","$18806.28","$18002.28"
"343",110007,"PHOEBE PUTNEY MEMORIAL HOSPITAL","417 THIRD AVENUE
ALBANY, GA 31703
(31.40303099600004, -83.97599662499994)","Yes","Y","Yes","N","Y","Yes","N",NA,"238 - MAJOR CARDIOVASC PROCEDURES W/O MCC","PHOEBE PUTNEY MEMORIAL HOSPITAL","417 THIRD AVENUE","ALBANY","GA",31703,"GA - Albany",48,"$60886.89","$21538.22","$20014.22"
"345",110007,"PHOEBE PUTNEY MEMORIAL HOSPITAL","417 THIRD AVENUE
ALBANY, GA 31703
(31.40303099600004, -83.97599662499994)","Yes","Y","Yes","N","Y","Yes","N",NA,"249 - PERC CARDIOVASC PROC W NON-DRUG-ELUTING STENT W/O MCC","PHOEBE PUTNEY MEMORIAL HOSPITAL","417 THIRD AVENUE","ALBANY","GA",31703,"GA - Albany",15,"$49701.80","$13189.26","$10492.40"
"358",110007,"PHOEBE PUTNEY MEMORIAL HOSPITAL","417 THIRD AVENUE
ALBANY, GA 31703
(31.40303099600004, -83.97599662499994)","Yes","Y","Yes","N","Y","Yes","N",NA,"246 - PERC CARDIOVASC PROC W DRUG-ELUTING STENT W MCC OR 4+ VESSELS/STENTS","PHOEBE PUTNEY MEMORIAL HOSPITAL","417 THIRD AVENUE","ALBANY","GA",31703,"GA - Albany",27,"$88416.29","$25727.66","$20866.25"
"367",110007,"PHOEBE PUTNEY MEMORIAL HOSPITAL","417 THIRD AVENUE
ALBANY, GA 31703
(31.40303099600004, -83.97599662499994)","Yes","Y","Yes","N","Y","Yes","N",NA,"251 - PERC CARDIOVASC PROC W/O CORONARY ARTERY STENT W/O MCC","PHOEBE PUTNEY MEMORIAL HOSPITAL","417 THIRD AVENUE","ALBANY","GA",31703,"GA - Albany",13,"$41313.23","$15234.46","$9759.92"
"368",110007,"PHOEBE PUTNEY MEMORIAL HOSPITAL","417 THIRD AVENUE
ALBANY, GA 31703
(31.40303099600004, -83.97599662499994)","Yes","Y","Yes","N","Y","Yes","N",NA,"254 - OTHER VASCULAR PROCEDURES W/O CC/MCC","PHOEBE PUTNEY MEMORIAL HOSPITAL","417 THIRD AVENUE","ALBANY","GA",31703,"GA - Albany",54,"$38749.87","$11212.44","$10297.77"
"371",110007,"PHOEBE PUTNEY MEMORIAL HOSPITAL","417 THIRD AVENUE
ALBANY, GA 31703
(31.40303099600004, -83.97599662499994)","Yes","Y","Yes","N","Y","Yes","N",NA,"329 - MAJOR SMALL & LARGE BOWEL PROCEDURES W MCC","PHOEBE PUTNEY MEMORIAL HOSPITAL","417 THIRD AVENUE","ALBANY","GA",31703,"GA - Albany",36,"$99595.19","$37455.55","$36641.61"
"372",110007,"PHOEBE PUTNEY MEMORIAL HOSPITAL","417 THIRD AVENUE
ALBANY, GA 31703
(31.40303099600004, -83.97599662499994)","Yes","Y","Yes","N","Y","Yes","N",NA,"244 - PERMANENT CARDIAC PACEMAKER IMPLANT W/O CC/MCC","PHOEBE PUTNEY MEMORIAL HOSPITAL","417 THIRD AVENUE","ALBANY","GA",31703,"GA - Albany",22,"$51749.54","$15186.22","$11970.09"
"380",110007,"PHOEBE PUTNEY MEMORIAL HOSPITAL","417 THIRD AVENUE
ALBANY, GA 31703
(31.40303099600004, -83.97599662499994)","Yes","Y","Yes","N","Y","Yes","N",NA,"418 - LAPAROSCOPIC CHOLECYSTECTOMY W/O C.D.E. W CC","PHOEBE PUTNEY MEMORIAL HOSPITAL","417 THIRD AVENUE","ALBANY","GA",31703,"GA - Albany",17,"$39653.52","$14993.35","$10156.41"
"397",110007,"PHOEBE PUTNEY MEMORIAL HOSPITAL","417 THIRD AVENUE
ALBANY, GA 31703
(31.40303099600004, -83.97599662499994)","Yes","Y","Yes","N","Y","Yes","N",NA,"252 - OTHER VASCULAR PROCEDURES W MCC","PHOEBE PUTNEY MEMORIAL HOSPITAL","417 THIRD AVENUE","ALBANY","GA",31703,"GA - Albany",41,"$64410.26","$22283.68","$21409.39"
"403",110007,"PHOEBE PUTNEY MEMORIAL HOSPITAL","417 THIRD AVENUE
ALBANY, GA 31703
(31.40303099600004, -83.97599662499994)","Yes","Y","Yes","N","Y","Yes","N",NA,"247 - PERC CARDIOVASC PROC W DRUG-ELUTING STENT W/O MCC","PHOEBE PUTNEY MEMORIAL HOSPITAL","417 THIRD AVENUE","ALBANY","GA",31703,"GA - Albany",99,"$58413.90","$15641.26","$11924.28"
"412",110007,"PHOEBE PUTNEY MEMORIAL HOSPITAL","417 THIRD AVENUE
ALBANY, GA 31703
(31.40303099600004, -83.97599662499994)","Yes","Y","Yes","N","Y","Yes","N",NA,"253 - OTHER VASCULAR PROCEDURES W CC","PHOEBE PUTNEY MEMORIAL HOSPITAL","417 THIRD AVENUE","ALBANY","GA",31703,"GA - Albany",31,"$47403.96","$16608.58","$15737.35"
"420",110008,"NORTHSIDE HOSPITAL CHEROKEE","201 HOSPITAL ROAD
CANTON, GA 30114
(34.24575740800003, -84.49213244899994)","No","Y","Yes","Y","Does not have a Cardiac Surgery Program","No","N",NA,"329 - MAJOR SMALL & LARGE BOWEL PROCEDURES W MCC","NORTHSIDE HOSPITAL CHEROKEE","201 HOSPITAL ROAD","CANTON","GA",30114,"GA - Atlanta",14,"$80956.28","$27468.14","$26500.14"
"461",110010,"EMORY UNIVERSITY HOSPITAL","1364 CLIFTON ROAD, NE
ATLANTA, GA 30322
(33.79233912300003, -84.32099324899997)","Yes","Y","Yes","Y","Y","Yes","Y","Y","251 - PERC CARDIOVASC PROC W/O CORONARY ARTERY STENT W/O MCC","EMORY UNIVERSITY HOSPITAL","1364 CLIFTON ROAD, NE","ATLANTA","GA",30322,"GA - Atlanta",93,"$44290.06","$14211.13","$12826.74"
"463",110010,"EMORY UNIVERSITY HOSPITAL","1364 CLIFTON ROAD, NE
ATLANTA, GA 30322
(33.79233912300003, -84.32099324899997)","Yes","Y","Yes","Y","Y","Yes","Y","Y","246 - PERC CARDIOVASC PROC W DRUG-ELUTING STENT W MCC OR 4+ VESSELS/STENTS","EMORY UNIVERSITY HOSPITAL","1364 CLIFTON ROAD, NE","ATLANTA","GA",30322,"GA - Atlanta",26,"$65280.73","$23893.15","$23120.57"
"464",110010,"EMORY UNIVERSITY HOSPITAL","1364 CLIFTON ROAD, NE
ATLANTA, GA 30322
(33.79233912300003, -84.32099324899997)","Yes","Y","Yes","Y","Y","Yes","Y","Y","238 - MAJOR CARDIOVASC PROCEDURES W/O MCC","EMORY UNIVERSITY HOSPITAL","1364 CLIFTON ROAD, NE","ATLANTA","GA",30322,"GA - Atlanta",79,"$71648.10","$24093.55","$21445.62"
"466",110010,"EMORY UNIVERSITY HOSPITAL","1364 CLIFTON ROAD, NE
ATLANTA, GA 30322
(33.79233912300003, -84.32099324899997)","Yes","Y","Yes","Y","Y","Yes","Y","Y","329 - MAJOR SMALL & LARGE BOWEL PROCEDURES W MCC","EMORY UNIVERSITY HOSPITAL","1364 CLIFTON ROAD, NE","ATLANTA","GA",30322,"GA - Atlanta",43,"$141384.39","$54725.30","$43076.72"
"473",110010,"EMORY UNIVERSITY HOSPITAL","1364 CLIFTON ROAD, NE
ATLANTA, GA 30322
(33.79233912300003, -84.32099324899997)","Yes","Y","Yes","Y","Y","Yes","Y","Y","330 - MAJOR SMALL & LARGE BOWEL PROCEDURES W CC","EMORY UNIVERSITY HOSPITAL","1364 CLIFTON ROAD, NE","ATLANTA","GA",30322,"GA - Atlanta",39,"$57423.23","$20824.43","$17061.74"
"478",110010,"EMORY UNIVERSITY HOSPITAL","1364 CLIFTON ROAD, NE
ATLANTA, GA 30322
(33.79233912300003, -84.32099324899997)","Yes","Y","Yes","Y","Y","Yes","Y","Y","254 - OTHER VASCULAR PROCEDURES W/O CC/MCC","EMORY UNIVERSITY HOSPITAL","1364 CLIFTON ROAD, NE","ATLANTA","GA",30322,"GA - Atlanta",23,"$40230.30","$12375.56","$10529.60"
"481",110010,"EMORY UNIVERSITY HOSPITAL","1364 CLIFTON ROAD, NE
ATLANTA, GA 30322
(33.79233912300003, -84.32099324899997)","Yes","Y","Yes","Y","Y","Yes","Y","Y","249 - PERC CARDIOVASC PROC W NON-DRUG-ELUTING STENT W/O MCC","EMORY UNIVERSITY HOSPITAL","1364 CLIFTON ROAD, NE","ATLANTA","GA",30322,"GA - Atlanta",58,"$39584.62","$13001.82","$11400.41"
"509",110010,"EMORY UNIVERSITY HOSPITAL","1364 CLIFTON ROAD, NE
ATLANTA, GA 30322
(33.79233912300003, -84.32099324899997)","Yes","Y","Yes","Y","Y","Yes","Y","Y","252 - OTHER VASCULAR PROCEDURES W MCC","EMORY UNIVERSITY HOSPITAL","1364 CLIFTON ROAD, NE","ATLANTA","GA",30322,"GA - Atlanta",37,"$59561.56","$25568.91","$22170.43"
"510",110010,"EMORY UNIVERSITY HOSPITAL","1364 CLIFTON ROAD, NE
ATLANTA, GA 30322
(33.79233912300003, -84.32099324899997)","Yes","Y","Yes","Y","Y","Yes","Y","Y","244 - PERMANENT CARDIAC PACEMAKER IMPLANT W/O CC/MCC","EMORY UNIVERSITY HOSPITAL","1364 CLIFTON ROAD, NE","ATLANTA","GA",30322,"GA - Atlanta",16,"$21313.43","$14440.56","$13524.81"
"525",110010,"EMORY UNIVERSITY HOSPITAL","1364 CLIFTON ROAD, NE
ATLANTA, GA 30322
(33.79233912300003, -84.32099324899997)","Yes","Y","Yes","Y","Y","Yes","Y","Y","243 - PERMANENT CARDIAC PACEMAKER IMPLANT W CC","EMORY UNIVERSITY HOSPITAL","1364 CLIFTON ROAD, NE","ATLANTA","GA",30322,"GA - Atlanta",24,"$32781.95","$19024.50","$18137.66"
"541",110010,"EMORY UNIVERSITY HOSPITAL","1364 CLIFTON ROAD, NE
ATLANTA, GA 30322
(33.79233912300003, -84.32099324899997)","Yes","Y","Yes","Y","Y","Yes","Y","Y","247 - PERC CARDIOVASC PROC W DRUG-ELUTING STENT W/O MCC","EMORY UNIVERSITY HOSPITAL","1364 CLIFTON ROAD, NE","ATLANTA","GA",30322,"GA - Atlanta",127,"$42524.70","$15150.11","$12795.89"
"542",110010,"EMORY UNIVERSITY HOSPITAL","1364 CLIFTON ROAD, NE
ATLANTA, GA 30322
(33.79233912300003, -84.32099324899997)","Yes","Y","Yes","Y","Y","Yes","Y","Y","253 - OTHER VASCULAR PROCEDURES W CC","EMORY UNIVERSITY HOSPITAL","1364 CLIFTON ROAD, NE","ATLANTA","GA",30322,"GA - Atlanta",46,"$56822.91","$18698.30","$17257.15"
"546",110011,"TANNER MEDICAL CENTER - CARROLLTON","705 DIXIE STREET
CARROLLTON, GA 30117
(33.56967218500006, -85.07254371299996)","Yes","N","Yes","Y","Does not have a Cardiac Surgery Program","Yes","N",NA,"238 - MAJOR CARDIOVASC PROCEDURES W/O MCC","TANNER MEDICAL CENTER - CARROLLTON","705 DIXIE STREET","CARROLLTON","GA",30117,"GA - Atlanta",20,"$79957.85","$20942.95","$17524.40"
"547",110011,"TANNER MEDICAL CENTER - CARROLLTON","705 DIXIE STREET
CARROLLTON, GA 30117
(33.56967218500006, -85.07254371299996)","Yes","N","Yes","Y","Does not have a Cardiac Surgery Program","Yes","N",NA,"329 - MAJOR SMALL & LARGE BOWEL PROCEDURES W MCC","TANNER MEDICAL CENTER - CARROLLTON","705 DIXIE STREET","CARROLLTON","GA",30117,"GA - Atlanta",11,"$65000.72","$23202.90","$22688.36"
"553",110011,"TANNER MEDICAL CENTER - CARROLLTON","705 DIXIE STREET
CARROLLTON, GA 30117
(33.56967218500006, -85.07254371299996)","Yes","N","Yes","Y","Does not have a Cardiac Surgery Program","Yes","N",NA,"330 - MAJOR SMALL & LARGE BOWEL PROCEDURES W CC","TANNER MEDICAL CENTER - CARROLLTON","705 DIXIE STREET","CARROLLTON","GA",30117,"GA - Atlanta",21,"$44440.52","$15071.09","$14079.95"
"557",110011,"TANNER MEDICAL CENTER - CARROLLTON","705 DIXIE STREET
CARROLLTON, GA 30117
(33.56967218500006, -85.07254371299996)","Yes","N","Yes","Y","Does not have a Cardiac Surgery Program","Yes","N",NA,"247 - PERC CARDIOVASC PROC W DRUG-ELUTING STENT W/O MCC","TANNER MEDICAL CENTER - CARROLLTON","705 DIXIE STREET","CARROLLTON","GA",30117,"GA - Atlanta",27,"$51345.81","$17268.77","$8897.11"
"567",110011,"TANNER MEDICAL CENTER - CARROLLTON","705 DIXIE STREET
CARROLLTON, GA 30117
(33.56967218500006, -85.07254371299996)","Yes","N","Yes","Y","Does not have a Cardiac Surgery Program","Yes","N",NA,"249 - PERC CARDIOVASC PROC W NON-DRUG-ELUTING STENT W/O MCC","TANNER MEDICAL CENTER - CARROLLTON","705 DIXIE STREET","CARROLLTON","GA",30117,"GA - Atlanta",19,"$44366.26","$13626.84","$8855.68"
"617",110016,"WEST GEORGIA MEDICAL CENTER","1514 VERNON ROAD
LAGRANGE, GA 30240
(33.03202404600006, -85.05583101099995)","Yes","N","Yes","Y","Does not have a Cardiac Surgery Program","Yes","N",NA,"330 - MAJOR SMALL & LARGE BOWEL PROCEDURES W CC","WEST GEORGIA MEDICAL CENTER","1514 VERNON ROAD","LAGRANGE","GA",30240,"GA - Atlanta",11,"$50930.45","$16740.90","$15717.63"
"645",110016,"WEST GEORGIA MEDICAL CENTER","1514 VERNON ROAD
LAGRANGE, GA 30240
(33.03202404600006, -85.05583101099995)","Yes","N","Yes","Y","Does not have a Cardiac Surgery Program","Yes","N",NA,"247 - PERC CARDIOVASC PROC W DRUG-ELUTING STENT W/O MCC","WEST GEORGIA MEDICAL CENTER","1514 VERNON ROAD","LAGRANGE","GA",30240,"GA - Atlanta",56,"$47462.82","$12481.01","$10571.01"
"651",110016,"WEST GEORGIA MEDICAL CENTER","1514 VERNON ROAD
LAGRANGE, GA 30240
(33.03202404600006, -85.05583101099995)","Yes","N","Yes","Y","Does not have a Cardiac Surgery Program","Yes","N",NA,"253 - OTHER VASCULAR PROCEDURES W CC","WEST GEORGIA MEDICAL CENTER","1514 VERNON ROAD","LAGRANGE","GA",30240,"GA - Atlanta",27,"$39440.22","$16752.85","$12114.96"
"652",110016,"WEST GEORGIA MEDICAL CENTER","1514 VERNON ROAD
LAGRANGE, GA 30240
(33.03202404600006, -85.05583101099995)","Yes","N","Yes","Y","Does not have a Cardiac Surgery Program","Yes","N",NA,"243 - PERMANENT CARDIAC PACEMAKER IMPLANT W CC","WEST GEORGIA MEDICAL CENTER","1514 VERNON ROAD","LAGRANGE","GA",30240,"GA - Atlanta",12,"$39835.16","$15602.00","$14672.00"
"666",110016,"WEST GEORGIA MEDICAL CENTER","1514 VERNON ROAD
LAGRANGE, GA 30240
(33.03202404600006, -85.05583101099995)","Yes","N","Yes","Y","Does not have a Cardiac Surgery Program","Yes","N",NA,"254 - OTHER VASCULAR PROCEDURES W/O CC/MCC","WEST GEORGIA MEDICAL CENTER","1514 VERNON ROAD","LAGRANGE","GA",30240,"GA - Atlanta",11,"$35102.72","$9692.45","$8983.72"
"676",110016,"WEST GEORGIA MEDICAL CENTER","1514 VERNON ROAD
LAGRANGE, GA 30240
(33.03202404600006, -85.05583101099995)","Yes","N","Yes","Y","Does not have a Cardiac Surgery Program","Yes","N",NA,"252 - OTHER VASCULAR PROCEDURES W MCC","WEST GEORGIA MEDICAL CENTER","1514 VERNON ROAD","LAGRANGE","GA",30240,"GA - Atlanta",14,"$36760.64","$17864.00","$15935.85"
"693",110018,"NEWTON MEDICAL CENTER","5126 HOSPITAL DRIVE NE
COVINGTON, GA 30014
(33.602141182000025, -83.84856116199995)","Yes","Y","Yes","N","Does not have a Cardiac Surgery Program","Yes","N",NA,"330 - MAJOR SMALL & LARGE BOWEL PROCEDURES W CC","NEWTON MEDICAL CENTER","5126 HOSPITAL DRIVE NE","COVINGTON","GA",30014,"GA - Atlanta",11,"$39740.72","$14719.90","$13696.63"
"747",110023,"GORDON HOSPITAL","1035 RED BUD ROAD
CALHOUN, GA 30701
(34.51188330700006, -84.92556140899995)","Yes","N","Yes","N","Does not have a Cardiac Surgery Program","Yes","N",NA,"330 - MAJOR SMALL & LARGE BOWEL PROCEDURES W CC","GORDON HOSPITAL","1035 RED BUD ROAD","CALHOUN","GA",30701,"GA - Rome",11,"$55409.63","$15227.09","$14409.63"
"801",110024,"CANDLER HOSPITAL","5353 REYNOLDS STREET
SAVANNAH, GA 31412
(32.02767576600007, -81.10166466099997)","Yes","Y","Yes","Y","Y","Yes","N",NA,"418 - LAPAROSCOPIC CHOLECYSTECTOMY W/O C.D.E. W CC","CANDLER HOSPITAL","5353 REYNOLDS STREET","SAVANNAH","GA",31412,"GA - Savannah",22,"$35815.54","$10310.27","$9289.90"
"803",110024,"CANDLER HOSPITAL","5353 REYNOLDS STREET
SAVANNAH, GA 31412
(32.02767576600007, -81.10166466099997)","Yes","Y","Yes","Y","Y","Yes","N",NA,"330 - MAJOR SMALL & LARGE BOWEL PROCEDURES W CC","CANDLER HOSPITAL","5353 REYNOLDS STREET","SAVANNAH","GA",31412,"GA - Savannah",22,"$55125.95","$15603.54","$14634.63"
"815",110024,"CANDLER HOSPITAL","5353 REYNOLDS STREET
SAVANNAH, GA 31412
(32.02767576600007, -81.10166466099997)","Yes","Y","Yes","Y","Y","Yes","N",NA,"419 - LAPAROSCOPIC CHOLECYSTECTOMY W/O C.D.E. W/O CC/MCC","CANDLER HOSPITAL","5353 REYNOLDS STREET","SAVANNAH","GA",31412,"GA - Savannah",15,"$26177.26","$7100.26","$5715.80"
"823",110024,"CANDLER HOSPITAL","5353 REYNOLDS STREET
SAVANNAH, GA 31412
(32.02767576600007, -81.10166466099997)","Yes","Y","Yes","Y","Y","Yes","N",NA,"329 - MAJOR SMALL & LARGE BOWEL PROCEDURES W MCC","CANDLER HOSPITAL","5353 REYNOLDS STREET","SAVANNAH","GA",31412,"GA - Savannah",33,"$154793.21","$37216.87","$36356.81"
"837",110025,"SOUTHEAST GEORGIA HEALTH SYSTEM- BRUNSWICK CAMPUS","2415 PARKWOOD DRIVE
BRUNSWICK, GA 31520
(31.173855565000054, -81.48490346799997)","Yes","N","Yes","N","Does not have a Cardiac Surgery Program","Yes","N",NA,"238 - MAJOR CARDIOVASC PROCEDURES W/O MCC","SOUTHEAST GEORGIA HEALTH SYSTEM- BRUNSWICK CAMPUS","2415 PARKWOOD DRIVE","BRUNSWICK","GA",31520,"FL - Jacksonville",13,"$51328.00","$22923.46","$22060.07"
"864",110025,"SOUTHEAST GEORGIA HEALTH SYSTEM- BRUNSWICK CAMPUS","2415 PARKWOOD DRIVE
BRUNSWICK, GA 31520
(31.173855565000054, -81.48490346799997)","Yes","N","Yes","N","Does not have a Cardiac Surgery Program","Yes","N",NA,"252 - OTHER VASCULAR PROCEDURES W MCC","SOUTHEAST GEORGIA HEALTH SYSTEM- BRUNSWICK CAMPUS","2415 PARKWOOD DRIVE","BRUNSWICK","GA",31520,"FL - Jacksonville",22,"$51702.72","$22279.50","$20482.72"
"867",110025,"SOUTHEAST GEORGIA HEALTH SYSTEM- BRUNSWICK CAMPUS","2415 PARKWOOD DRIVE
BRUNSWICK, GA 31520
(31.173855565000054, -81.48490346799997)","Yes","N","Yes","N","Does not have a Cardiac Surgery Program","Yes","N",NA,"247 - PERC CARDIOVASC PROC W DRUG-ELUTING STENT W/O MCC","SOUTHEAST GEORGIA HEALTH SYSTEM- BRUNSWICK CAMPUS","2415 PARKWOOD DRIVE","BRUNSWICK","GA",31520,"FL - Jacksonville",19,"$37937.94","$15873.31","$12810.00"
"869",110025,"SOUTHEAST GEORGIA HEALTH SYSTEM- BRUNSWICK CAMPUS","2415 PARKWOOD DRIVE
BRUNSWICK, GA 31520
(31.173855565000054, -81.48490346799997)","Yes","N","Yes","N","Does not have a Cardiac Surgery Program","Yes","N",NA,"244 - PERMANENT CARDIAC PACEMAKER IMPLANT W/O CC/MCC","SOUTHEAST GEORGIA HEALTH SYSTEM- BRUNSWICK CAMPUS","2415 PARKWOOD DRIVE","BRUNSWICK","GA",31520,"FL - Jacksonville",29,"$39783.89","$16541.55","$12628.65"
"872",110025,"SOUTHEAST GEORGIA HEALTH SYSTEM- BRUNSWICK CAMPUS","2415 PARKWOOD DRIVE
BRUNSWICK, GA 31520
(31.173855565000054, -81.48490346799997)","Yes","N","Yes","N","Does not have a Cardiac Surgery Program","Yes","N",NA,"329 - MAJOR SMALL & LARGE BOWEL PROCEDURES W MCC","SOUTHEAST GEORGIA HEALTH SYSTEM- BRUNSWICK CAMPUS","2415 PARKWOOD DRIVE","BRUNSWICK","GA",31520,"FL - Jacksonville",16,"$90010.43","$41880.43","$41037.43"
"873",110025,"SOUTHEAST GEORGIA HEALTH SYSTEM- BRUNSWICK CAMPUS","2415 PARKWOOD DRIVE
BRUNSWICK, GA 31520
(31.173855565000054, -81.48490346799997)","Yes","N","Yes","N","Does not have a Cardiac Surgery Program","Yes","N",NA,"419 - LAPAROSCOPIC CHOLECYSTECTOMY W/O C.D.E. W/O CC/MCC","SOUTHEAST GEORGIA HEALTH SYSTEM- BRUNSWICK CAMPUS","2415 PARKWOOD DRIVE","BRUNSWICK","GA",31520,"FL - Jacksonville",20,"$23750.90","$8700.00","$7742.60"
"880",110025,"SOUTHEAST GEORGIA HEALTH SYSTEM- BRUNSWICK CAMPUS","2415 PARKWOOD DRIVE
BRUNSWICK, GA 31520
(31.173855565000054, -81.48490346799997)","Yes","N","Yes","N","Does not have a Cardiac Surgery Program","Yes","N",NA,"418 - LAPAROSCOPIC CHOLECYSTECTOMY W/O C.D.E. W CC","SOUTHEAST GEORGIA HEALTH SYSTEM- BRUNSWICK CAMPUS","2415 PARKWOOD DRIVE","BRUNSWICK","GA",31520,"FL - Jacksonville",14,"$39783.00","$12642.07","$11595.50"
"884",110025,"SOUTHEAST GEORGIA HEALTH SYSTEM- BRUNSWICK CAMPUS","2415 PARKWOOD DRIVE
BRUNSWICK, GA 31520
(31.173855565000054, -81.48490346799997)","Yes","N","Yes","N","Does not have a Cardiac Surgery Program","Yes","N",NA,"254 - OTHER VASCULAR PROCEDURES W/O CC/MCC","SOUTHEAST GEORGIA HEALTH SYSTEM- BRUNSWICK CAMPUS","2415 PARKWOOD DRIVE","BRUNSWICK","GA",31520,"FL - Jacksonville",15,"$29603.66","$12010.93","$11107.46"
"893",110025,"SOUTHEAST GEORGIA HEALTH SYSTEM- BRUNSWICK CAMPUS","2415 PARKWOOD DRIVE
BRUNSWICK, GA 31520
(31.173855565000054, -81.48490346799997)","Yes","N","Yes","N","Does not have a Cardiac Surgery Program","Yes","N",NA,"253 - OTHER VASCULAR PROCEDURES W CC","SOUTHEAST GEORGIA HEALTH SYSTEM- BRUNSWICK CAMPUS","2415 PARKWOOD DRIVE","BRUNSWICK","GA",31520,"FL - Jacksonville",13,"$44209.46","$18843.84","$18062.61"
"898",110025,"SOUTHEAST GEORGIA HEALTH SYSTEM- BRUNSWICK CAMPUS","2415 PARKWOOD DRIVE
BRUNSWICK, GA 31520
(31.173855565000054, -81.48490346799997)","Yes","N","Yes","N","Does not have a Cardiac Surgery Program","Yes","N",NA,"330 - MAJOR SMALL & LARGE BOWEL PROCEDURES W CC","SOUTHEAST GEORGIA HEALTH SYSTEM- BRUNSWICK CAMPUS","2415 PARKWOOD DRIVE","BRUNSWICK","GA",31520,"FL - Jacksonville",18,"$38989.00","$20650.88","$16879.55"
"906",110025,"SOUTHEAST GEORGIA HEALTH SYSTEM- BRUNSWICK CAMPUS","2415 PARKWOOD DRIVE
BRUNSWICK, GA 31520
(31.173855565000054, -81.48490346799997)","Yes","N","Yes","N","Does not have a Cardiac Surgery Program","Yes","N",NA,"243 - PERMANENT CARDIAC PACEMAKER IMPLANT W CC","SOUTHEAST GEORGIA HEALTH SYSTEM- BRUNSWICK CAMPUS","2415 PARKWOOD DRIVE","BRUNSWICK","GA",31520,"FL - Jacksonville",20,"$51527.75","$19712.15","$18979.55"
"945",110028,"UNIVERSITY HOSPITAL","1350 WALTON WAY
AUGUSTA, GA 30901
(33.47343476100008, -81.98248109299999)","Yes","Y","Yes","Y","Y","Yes","N",NA,"246 - PERC CARDIOVASC PROC W DRUG-ELUTING STENT W MCC OR 4+ VESSELS/STENTS","UNIVERSITY HOSPITAL","1350 WALTON WAY","AUGUSTA","GA",30901,"GA - Augusta",60,"$68076.08","$20022.78","$17238.66"
"947",110028,"UNIVERSITY HOSPITAL","1350 WALTON WAY
AUGUSTA, GA 30901
(33.47343476100008, -81.98248109299999)","Yes","Y","Yes","Y","Y","Yes","N",NA,"249 - PERC CARDIOVASC PROC W NON-DRUG-ELUTING STENT W/O MCC","UNIVERSITY HOSPITAL","1350 WALTON WAY","AUGUSTA","GA",30901,"GA - Augusta",93,"$41080.03","$10925.08","$9434.94"
"953",110028,"UNIVERSITY HOSPITAL","1350 WALTON WAY
AUGUSTA, GA 30901
(33.47343476100008, -81.98248109299999)","Yes","Y","Yes","Y","Y","Yes","N",NA,"329 - MAJOR SMALL & LARGE BOWEL PROCEDURES W MCC","UNIVERSITY HOSPITAL","1350 WALTON WAY","AUGUSTA","GA",30901,"GA - Augusta",26,"$88835.88","$31970.73","$31235.53"
"961",110028,"UNIVERSITY HOSPITAL","1350 WALTON WAY
AUGUSTA, GA 30901
(33.47343476100008, -81.98248109299999)","Yes","Y","Yes","Y","Y","Yes","N",NA,"247 - PERC CARDIOVASC PROC W DRUG-ELUTING STENT W/O MCC","UNIVERSITY HOSPITAL","1350 WALTON WAY","AUGUSTA","GA",30901,"GA - Augusta",217,"$48087.41","$12286.22","$10489.76"
"972",110028,"UNIVERSITY HOSPITAL","1350 WALTON WAY
AUGUSTA, GA 30901
(33.47343476100008, -81.98248109299999)","Yes","Y","Yes","Y","Y","Yes","N",NA,"252 - OTHER VASCULAR PROCEDURES W MCC","UNIVERSITY HOSPITAL","1350 WALTON WAY","AUGUSTA","GA",30901,"GA - Augusta",74,"$84560.82","$20269.14","$19421.50"
"980",110028,"UNIVERSITY HOSPITAL","1350 WALTON WAY
AUGUSTA, GA 30901
(33.47343476100008, -81.98248109299999)","Yes","Y","Yes","Y","Y","Yes","N",NA,"254 - OTHER VASCULAR PROCEDURES W/O CC/MCC","UNIVERSITY HOSPITAL","1350 WALTON WAY","AUGUSTA","GA",30901,"GA - Augusta",20,"$52090.15","$11092.60","$10473.20"
"985",110028,"UNIVERSITY HOSPITAL","1350 WALTON WAY
AUGUSTA, GA 30901
(33.47343476100008, -81.98248109299999)","Yes","Y","Yes","Y","Y","Yes","N",NA,"238 - MAJOR CARDIOVASC PROCEDURES W/O MCC","UNIVERSITY HOSPITAL","1350 WALTON WAY","AUGUSTA","GA",30901,"GA - Augusta",40,"$64049.05","$19761.72","$18092.10"
"986",110028,"UNIVERSITY HOSPITAL","1350 WALTON WAY
AUGUSTA, GA 30901
(33.47343476100008, -81.98248109299999)","Yes","Y","Yes","Y","Y","Yes","N",NA,"253 - OTHER VASCULAR PROCEDURES W CC","UNIVERSITY HOSPITAL","1350 WALTON WAY","AUGUSTA","GA",30901,"GA - Augusta",58,"$64229.34","$18227.13","$14907.58"
"995",110028,"UNIVERSITY HOSPITAL","1350 WALTON WAY
AUGUSTA, GA 30901
(33.47343476100008, -81.98248109299999)","Yes","Y","Yes","Y","Y","Yes","N",NA,"419 - LAPAROSCOPIC CHOLECYSTECTOMY W/O C.D.E. W/O CC/MCC","UNIVERSITY HOSPITAL","1350 WALTON WAY","AUGUSTA","GA",30901,"GA - Augusta",14,"$27983.07","$7103.42","$6063.71"
"1016",110028,"UNIVERSITY HOSPITAL","1350 WALTON WAY
AUGUSTA, GA 30901
(33.47343476100008, -81.98248109299999)","Yes","Y","Yes","Y","Y","Yes","N",NA,"244 - PERMANENT CARDIAC PACEMAKER IMPLANT W/O CC/MCC","UNIVERSITY HOSPITAL","1350 WALTON WAY","AUGUSTA","GA",30901,"GA - Augusta",36,"$46325.19","$12464.05","$11034.50"
"1021",110028,"UNIVERSITY HOSPITAL","1350 WALTON WAY
AUGUSTA, GA 30901
(33.47343476100008, -81.98248109299999)","Yes","Y","Yes","Y","Y","Yes","N",NA,"251 - PERC CARDIOVASC PROC W/O CORONARY ARTERY STENT W/O MCC","UNIVERSITY HOSPITAL","1350 WALTON WAY","AUGUSTA","GA",30901,"GA - Augusta",41,"$36517.60","$11235.46","$8976.63"
"1027",110028,"UNIVERSITY HOSPITAL","1350 WALTON WAY
AUGUSTA, GA 30901
(33.47343476100008, -81.98248109299999)","Yes","Y","Yes","Y","Y","Yes","N",NA,"418 - LAPAROSCOPIC CHOLECYSTECTOMY W/O C.D.E. W CC","UNIVERSITY HOSPITAL","1350 WALTON WAY","AUGUSTA","GA",30901,"GA - Augusta",15,"$38411.06","$11473.73","$8810.66"
"1031",110028,"UNIVERSITY HOSPITAL","1350 WALTON WAY
AUGUSTA, GA 30901
(33.47343476100008, -81.98248109299999)","Yes","Y","Yes","Y","Y","Yes","N",NA,"330 - MAJOR SMALL & LARGE BOWEL PROCEDURES W CC","UNIVERSITY HOSPITAL","1350 WALTON WAY","AUGUSTA","GA",30901,"GA - Augusta",68,"$42963.26","$15574.41","$14219.39"
"1038",110028,"UNIVERSITY HOSPITAL","1350 WALTON WAY
AUGUSTA, GA 30901
(33.47343476100008, -81.98248109299999)","Yes","Y","Yes","Y","Y","Yes","N",NA,"243 - PERMANENT CARDIAC PACEMAKER IMPLANT W CC","UNIVERSITY HOSPITAL","1350 WALTON WAY","AUGUSTA","GA",30901,"GA - Augusta",36,"$64552.75","$17538.61","$14281.66"
"1044",110029,"NORTHEAST GEORGIA MEDICAL CENTER, INC","743 SPRING STREET
GAINESVILLE, GA 30501
(34.30236786200004, -83.81873665199998)","Yes","Y","Yes","Y","Y","Yes","Y",NA,"329 - MAJOR SMALL & LARGE BOWEL PROCEDURES W MCC","NORTHEAST GEORGIA MEDICAL CENTER, INC","743 SPRING STREET","GAINESVILLE","GA",30501,"GA - Atlanta",33,"$108984.12","$32601.72","$29049.21"
"1056",110029,"NORTHEAST GEORGIA MEDICAL CENTER, INC","743 SPRING STREET
GAINESVILLE, GA 30501
(34.30236786200004, -83.81873665199998)","Yes","Y","Yes","Y","Y","Yes","Y",NA,"246 - PERC CARDIOVASC PROC W DRUG-ELUTING STENT W MCC OR 4+ VESSELS/STENTS","NORTHEAST GEORGIA MEDICAL CENTER, INC","743 SPRING STREET","GAINESVILLE","GA",30501,"GA - Atlanta",46,"$82080.65","$23012.10","$16027.19"
"1062",110029,"NORTHEAST GEORGIA MEDICAL CENTER, INC","743 SPRING STREET
GAINESVILLE, GA 30501
(34.30236786200004, -83.81873665199998)","Yes","Y","Yes","Y","Y","Yes","Y",NA,"254 - OTHER VASCULAR PROCEDURES W/O CC/MCC","NORTHEAST GEORGIA MEDICAL CENTER, INC","743 SPRING STREET","GAINESVILLE","GA",30501,"GA - Atlanta",36,"$43480.75","$11161.77","$7774.22"
"1067",110029,"NORTHEAST GEORGIA MEDICAL CENTER, INC","743 SPRING STREET
GAINESVILLE, GA 30501
(34.30236786200004, -83.81873665199998)","Yes","Y","Yes","Y","Y","Yes","Y",NA,"252 - OTHER VASCULAR PROCEDURES W MCC","NORTHEAST GEORGIA MEDICAL CENTER, INC","743 SPRING STREET","GAINESVILLE","GA",30501,"GA - Atlanta",56,"$63228.30","$19491.39","$18363.66"
"1074",110029,"NORTHEAST GEORGIA MEDICAL CENTER, INC","743 SPRING STREET
GAINESVILLE, GA 30501
(34.30236786200004, -83.81873665199998)","Yes","Y","Yes","Y","Y","Yes","Y",NA,"419 - LAPAROSCOPIC CHOLECYSTECTOMY W/O C.D.E. W/O CC/MCC","NORTHEAST GEORGIA MEDICAL CENTER, INC","743 SPRING STREET","GAINESVILLE","GA",30501,"GA - Atlanta",27,"$26426.29","$7232.11","$5930.37"
"1085",110029,"NORTHEAST GEORGIA MEDICAL CENTER, INC","743 SPRING STREET
GAINESVILLE, GA 30501
(34.30236786200004, -83.81873665199998)","Yes","Y","Yes","Y","Y","Yes","Y",NA,"244 - PERMANENT CARDIAC PACEMAKER IMPLANT W/O CC/MCC","NORTHEAST GEORGIA MEDICAL CENTER, INC","743 SPRING STREET","GAINESVILLE","GA",30501,"GA - Atlanta",30,"$48332.00","$12772.13","$10898.66"
"1087",110029,"NORTHEAST GEORGIA MEDICAL CENTER, INC","743 SPRING STREET
GAINESVILLE, GA 30501
(34.30236786200004, -83.81873665199998)","Yes","Y","Yes","Y","Y","Yes","Y",NA,"251 - PERC CARDIOVASC PROC W/O CORONARY ARTERY STENT W/O MCC","NORTHEAST GEORGIA MEDICAL CENTER, INC","743 SPRING STREET","GAINESVILLE","GA",30501,"GA - Atlanta",27,"$54741.07","$11321.81","$9605.85"
"1091",110029,"NORTHEAST GEORGIA MEDICAL CENTER, INC","743 SPRING STREET
GAINESVILLE, GA 30501
(34.30236786200004, -83.81873665199998)","Yes","Y","Yes","Y","Y","Yes","Y",NA,"238 - MAJOR CARDIOVASC PROCEDURES W/O MCC","NORTHEAST GEORGIA MEDICAL CENTER, INC","743 SPRING STREET","GAINESVILLE","GA",30501,"GA - Atlanta",72,"$88335.19","$20268.98","$16838.40"
"1093",110029,"NORTHEAST GEORGIA MEDICAL CENTER, INC","743 SPRING STREET
GAINESVILLE, GA 30501
(34.30236786200004, -83.81873665199998)","Yes","Y","Yes","Y","Y","Yes","Y",NA,"253 - OTHER VASCULAR PROCEDURES W CC","NORTHEAST GEORGIA MEDICAL CENTER, INC","743 SPRING STREET","GAINESVILLE","GA",30501,"GA - Atlanta",59,"$59467.55","$15428.18","$14168.66"
"1097",110029,"NORTHEAST GEORGIA MEDICAL CENTER, INC","743 SPRING STREET
GAINESVILLE, GA 30501
(34.30236786200004, -83.81873665199998)","Yes","Y","Yes","Y","Y","Yes","Y",NA,"418 - LAPAROSCOPIC CHOLECYSTECTOMY W/O C.D.E. W CC","NORTHEAST GEORGIA MEDICAL CENTER, INC","743 SPRING STREET","GAINESVILLE","GA",30501,"GA - Atlanta",25,"$37664.48","$10204.12","$9128.92"
"1099",110029,"NORTHEAST GEORGIA MEDICAL CENTER, INC","743 SPRING STREET
GAINESVILLE, GA 30501
(34.30236786200004, -83.81873665199998)","Yes","Y","Yes","Y","Y","Yes","Y",NA,"249 - PERC CARDIOVASC PROC W NON-DRUG-ELUTING STENT W/O MCC","NORTHEAST GEORGIA MEDICAL CENTER, INC","743 SPRING STREET","GAINESVILLE","GA",30501,"GA - Atlanta",42,"$56554.69","$11722.61","$9873.85"
"1103",110029,"NORTHEAST GEORGIA MEDICAL CENTER, INC","743 SPRING STREET
GAINESVILLE, GA 30501
(34.30236786200004, -83.81873665199998)","Yes","Y","Yes","Y","Y","Yes","Y",NA,"247 - PERC CARDIOVASC PROC W DRUG-ELUTING STENT W/O MCC","NORTHEAST GEORGIA MEDICAL CENTER, INC","743 SPRING STREET","GAINESVILLE","GA",30501,"GA - Atlanta",132,"$61109.60","$12674.75","$10522.68"
"1104",110029,"NORTHEAST GEORGIA MEDICAL CENTER, INC","743 SPRING STREET
GAINESVILLE, GA 30501
(34.30236786200004, -83.81873665199998)","Yes","Y","Yes","Y","Y","Yes","Y",NA,"243 - PERMANENT CARDIAC PACEMAKER IMPLANT W CC","NORTHEAST GEORGIA MEDICAL CENTER, INC","743 SPRING STREET","GAINESVILLE","GA",30501,"GA - Atlanta",40,"$65966.05","$16411.92","$14642.10"
"1124",110029,"NORTHEAST GEORGIA MEDICAL CENTER, INC","743 SPRING STREET
GAINESVILLE, GA 30501
(34.30236786200004, -83.81873665199998)","Yes","Y","Yes","Y","Y","Yes","Y",NA,"330 - MAJOR SMALL & LARGE BOWEL PROCEDURES W CC","NORTHEAST GEORGIA MEDICAL CENTER, INC","743 SPRING STREET","GAINESVILLE","GA",30501,"GA - Atlanta",55,"$54187.50","$15193.30","$13400.72"
"1138",110030,"CARTERSVILLE MEDICAL CENTER","960 JOE FRANK HARRIS PARKWAY
CARTERSVILLE, GA 30120
(34.19930455600007, -84.79394239099997)","Yes","Y","Yes","Y","Does not have a Cardiac Surgery Program","Yes","N",NA,"329 - MAJOR SMALL & LARGE BOWEL PROCEDURES W MCC","CARTERSVILLE MEDICAL CENTER","960 JOE FRANK HARRIS PARKWAY","CARTERSVILLE","GA",30120,"GA - Atlanta",11,"$189137.90","$31310.36","$30592.90"
"1150",110030,"CARTERSVILLE MEDICAL CENTER","960 JOE FRANK HARRIS PARKWAY
CARTERSVILLE, GA 30120
(34.19930455600007, -84.79394239099997)","Yes","Y","Yes","Y","Does not have a Cardiac Surgery Program","Yes","N",NA,"419 - LAPAROSCOPIC CHOLECYSTECTOMY W/O C.D.E. W/O CC/MCC","CARTERSVILLE MEDICAL CENTER","960 JOE FRANK HARRIS PARKWAY","CARTERSVILLE","GA",30120,"GA - Atlanta",11,"$52416.18","$7116.18","$6095.81"
"1167",110030,"CARTERSVILLE MEDICAL CENTER","960 JOE FRANK HARRIS PARKWAY
CARTERSVILLE, GA 30120
(34.19930455600007, -84.79394239099997)","Yes","Y","Yes","Y","Does not have a Cardiac Surgery Program","Yes","N",NA,"330 - MAJOR SMALL & LARGE BOWEL PROCEDURES W CC","CARTERSVILLE MEDICAL CENTER","960 JOE FRANK HARRIS PARKWAY","CARTERSVILLE","GA",30120,"GA - Atlanta",24,"$97677.45","$16245.00","$14268.08"
"1170",110030,"CARTERSVILLE MEDICAL CENTER","960 JOE FRANK HARRIS PARKWAY
CARTERSVILLE, GA 30120
(34.19930455600007, -84.79394239099997)","Yes","Y","Yes","Y","Does not have a Cardiac Surgery Program","Yes","N",NA,"247 - PERC CARDIOVASC PROC W DRUG-ELUTING STENT W/O MCC","CARTERSVILLE MEDICAL CENTER","960 JOE FRANK HARRIS PARKWAY","CARTERSVILLE","GA",30120,"GA - Atlanta",11,"$76282.27","$15701.90","$9915.63"
"1178",110030,"CARTERSVILLE MEDICAL CENTER","960 JOE FRANK HARRIS PARKWAY
CARTERSVILLE, GA 30120
(34.19930455600007, -84.79394239099997)","Yes","Y","Yes","Y","Does not have a Cardiac Surgery Program","Yes","N",NA,"253 - OTHER VASCULAR PROCEDURES W CC","CARTERSVILLE MEDICAL CENTER","960 JOE FRANK HARRIS PARKWAY","CARTERSVILLE","GA",30120,"GA - Atlanta",20,"$125925.70","$18411.20","$12923.75"
"1187",110030,"CARTERSVILLE MEDICAL CENTER","960 JOE FRANK HARRIS PARKWAY
CARTERSVILLE, GA 30120
(34.19930455600007, -84.79394239099997)","Yes","Y","Yes","Y","Does not have a Cardiac Surgery Program","Yes","N",NA,"252 - OTHER VASCULAR PROCEDURES W MCC","CARTERSVILLE MEDICAL CENTER","960 JOE FRANK HARRIS PARKWAY","CARTERSVILLE","GA",30120,"GA - Atlanta",16,"$114043.62","$18129.00","$17322.37"
"1195",110031,"SPALDING REGIONAL HOSPITAL","601 SOUTH 8TH STREET
GRIFFIN, GA 30223
(33.25799294600006, -84.26522811499996)","Yes","Y","Yes","Y","Does not have a Cardiac Surgery Program","Yes","N",NA,"419 - LAPAROSCOPIC CHOLECYSTECTOMY W/O C.D.E. W/O CC/MCC","SPALDING REGIONAL MEDICAL CENTER","601 SOUTH 8TH STREET","GRIFFIN","GA",30223,"GA - Atlanta",21,"$44843.52","$8118.23","$5724.90"
"1219",110031,"SPALDING REGIONAL HOSPITAL","601 SOUTH 8TH STREET
GRIFFIN, GA 30223
(33.25799294600006, -84.26522811499996)","Yes","Y","Yes","Y","Does not have a Cardiac Surgery Program","Yes","N",NA,"253 - OTHER VASCULAR PROCEDURES W CC","SPALDING REGIONAL MEDICAL CENTER","601 SOUTH 8TH STREET","GRIFFIN","GA",30223,"GA - Atlanta",11,"$77884.00","$14625.36","$13807.90"
"1220",110031,"SPALDING REGIONAL HOSPITAL","601 SOUTH 8TH STREET
GRIFFIN, GA 30223
(33.25799294600006, -84.26522811499996)","Yes","Y","Yes","Y","Does not have a Cardiac Surgery Program","Yes","N",NA,"254 - OTHER VASCULAR PROCEDURES W/O CC/MCC","SPALDING REGIONAL MEDICAL CENTER","601 SOUTH 8TH STREET","GRIFFIN","GA",30223,"GA - Atlanta",21,"$45880.52","$10015.14","$8961.76"
"1234",110031,"SPALDING REGIONAL HOSPITAL","601 SOUTH 8TH STREET
GRIFFIN, GA 30223
(33.25799294600006, -84.26522811499996)","Yes","Y","Yes","Y","Does not have a Cardiac Surgery Program","Yes","N",NA,"329 - MAJOR SMALL & LARGE BOWEL PROCEDURES W MCC","SPALDING REGIONAL MEDICAL CENTER","601 SOUTH 8TH STREET","GRIFFIN","GA",30223,"GA - Atlanta",16,"$187833.68","$32443.50","$31741.93"
"1255",110031,"SPALDING REGIONAL HOSPITAL","601 SOUTH 8TH STREET
GRIFFIN, GA 30223
(33.25799294600006, -84.26522811499996)","Yes","Y","Yes","Y","Does not have a Cardiac Surgery Program","Yes","N",NA,"252 - OTHER VASCULAR PROCEDURES W MCC","SPALDING REGIONAL MEDICAL CENTER","601 SOUTH 8TH STREET","GRIFFIN","GA",30223,"GA - Atlanta",21,"$89097.09","$18707.90","$18016.28"
"1256",110031,"SPALDING REGIONAL HOSPITAL","601 SOUTH 8TH STREET
GRIFFIN, GA 30223
(33.25799294600006, -84.26522811499996)","Yes","Y","Yes","Y","Does not have a Cardiac Surgery Program","Yes","N",NA,"418 - LAPAROSCOPIC CHOLECYSTECTOMY W/O C.D.E. W CC","SPALDING REGIONAL MEDICAL CENTER","601 SOUTH 8TH STREET","GRIFFIN","GA",30223,"GA - Atlanta",16,"$58113.87","$10659.00","$9745.25"
"1262",110031,"SPALDING REGIONAL HOSPITAL","601 SOUTH 8TH STREET
GRIFFIN, GA 30223
(33.25799294600006, -84.26522811499996)","Yes","Y","Yes","Y","Does not have a Cardiac Surgery Program","Yes","N",NA,"244 - PERMANENT CARDIAC PACEMAKER IMPLANT W/O CC/MCC","SPALDING REGIONAL MEDICAL CENTER","601 SOUTH 8TH STREET","GRIFFIN","GA",30223,"GA - Atlanta",12,"$51936.00","$13889.66","$10880.58"
"1307",110034,"MEDICAL COLLEGE OF GA HOSPITALS AND CLINICS","1120 15TH STREET
AUGUSTA, GA 30912
(33.471092689000045, -81.99137550899997)","Yes","N","Yes","Y","Y","Yes","N",NA,"246 - PERC CARDIOVASC PROC W DRUG-ELUTING STENT W MCC OR 4+ VESSELS/STENTS","MEDICAL COLLEGE OF GA HOSPITALS AND CLINICS","1120 15TH STREET","AUGUSTA","GA",30912,"GA - Augusta",13,"$120089.38","$36911.38","$32688.61"
"1317",110034,"MEDICAL COLLEGE OF GA HOSPITALS AND CLINICS","1120 15TH STREET
AUGUSTA, GA 30912
(33.471092689000045, -81.99137550899997)","Yes","N","Yes","Y","Y","Yes","N",NA,"238 - MAJOR CARDIOVASC PROCEDURES W/O MCC","MEDICAL COLLEGE OF GA HOSPITALS AND CLINICS","1120 15TH STREET","AUGUSTA","GA",30912,"GA - Augusta",11,"$76556.72","$28597.09","$25113.90"
"1319",110034,"MEDICAL COLLEGE OF GA HOSPITALS AND CLINICS","1120 15TH STREET
AUGUSTA, GA 30912
(33.471092689000045, -81.99137550899997)","Yes","N","Yes","Y","Y","Yes","N",NA,"244 - PERMANENT CARDIAC PACEMAKER IMPLANT W/O CC/MCC","MEDICAL COLLEGE OF GA HOSPITALS AND CLINICS","1120 15TH STREET","AUGUSTA","GA",30912,"GA - Augusta",12,"$81281.16","$22507.08","$21666.08"
"1320",110034,"MEDICAL COLLEGE OF GA HOSPITALS AND CLINICS","1120 15TH STREET
AUGUSTA, GA 30912
(33.471092689000045, -81.99137550899997)","Yes","N","Yes","Y","Y","Yes","N",NA,"251 - PERC CARDIOVASC PROC W/O CORONARY ARTERY STENT W/O MCC","MEDICAL COLLEGE OF GA HOSPITALS AND CLINICS","1120 15TH STREET","AUGUSTA","GA",30912,"GA - Augusta",40,"$72508.37","$24690.50","$15764.12"
"1332",110034,"MEDICAL COLLEGE OF GA HOSPITALS AND CLINICS","1120 15TH STREET
AUGUSTA, GA 30912
(33.471092689000045, -81.99137550899997)","Yes","N","Yes","Y","Y","Yes","N",NA,"329 - MAJOR SMALL & LARGE BOWEL PROCEDURES W MCC","MEDICAL COLLEGE OF GA HOSPITALS AND CLINICS","1120 15TH STREET","AUGUSTA","GA",30912,"GA - Augusta",18,"$116148.55","$55147.50","$42831.00"
"1339",110034,"MEDICAL COLLEGE OF GA HOSPITALS AND CLINICS","1120 15TH STREET
AUGUSTA, GA 30912
(33.471092689000045, -81.99137550899997)","Yes","N","Yes","Y","Y","Yes","N",NA,"252 - OTHER VASCULAR PROCEDURES W MCC","MEDICAL COLLEGE OF GA HOSPITALS AND CLINICS","1120 15TH STREET","AUGUSTA","GA",30912,"GA - Augusta",23,"$76341.34","$29511.21","$27482.43"
"1342",110034,"MEDICAL COLLEGE OF GA HOSPITALS AND CLINICS","1120 15TH STREET
AUGUSTA, GA 30912
(33.471092689000045, -81.99137550899997)","Yes","N","Yes","Y","Y","Yes","N",NA,"247 - PERC CARDIOVASC PROC W DRUG-ELUTING STENT W/O MCC","MEDICAL COLLEGE OF GA HOSPITALS AND CLINICS","1120 15TH STREET","AUGUSTA","GA",30912,"GA - Augusta",27,"$65653.22","$19239.11","$16874.59"
"1358",110034,"MEDICAL COLLEGE OF GA HOSPITALS AND CLINICS","1120 15TH STREET
AUGUSTA, GA 30912
(33.471092689000045, -81.99137550899997)","Yes","N","Yes","Y","Y","Yes","N",NA,"330 - MAJOR SMALL & LARGE BOWEL PROCEDURES W CC","MEDICAL COLLEGE OF GA HOSPITALS AND CLINICS","1120 15TH STREET","AUGUSTA","GA",30912,"GA - Augusta",16,"$66753.87","$26677.62","$22367.75"
"1365",110034,"MEDICAL COLLEGE OF GA HOSPITALS AND CLINICS","1120 15TH STREET
AUGUSTA, GA 30912
(33.471092689000045, -81.99137550899997)","Yes","N","Yes","Y","Y","Yes","N",NA,"254 - OTHER VASCULAR PROCEDURES W/O CC/MCC","MEDICAL COLLEGE OF GA HOSPITALS AND CLINICS","1120 15TH STREET","AUGUSTA","GA",30912,"GA - Augusta",17,"$42653.11","$19660.17","$12460.64"
"1371",110034,"MEDICAL COLLEGE OF GA HOSPITALS AND CLINICS","1120 15TH STREET
AUGUSTA, GA 30912
(33.471092689000045, -81.99137550899997)","Yes","N","Yes","Y","Y","Yes","N",NA,"243 - PERMANENT CARDIAC PACEMAKER IMPLANT W CC","MEDICAL COLLEGE OF GA HOSPITALS AND CLINICS","1120 15TH STREET","AUGUSTA","GA",30912,"GA - Augusta",11,"$106686.90","$30387.36","$29672.72"
"1378",110035,"WELLSTAR KENNESTONE HOSPITAL","677 CHURCH STREET
MARIETTA, GA 30060
(33.96796328900007, -84.55019271899994)","Yes","Y","Yes","Y","Y","Yes","Y","Y","246 - PERC CARDIOVASC PROC W DRUG-ELUTING STENT W MCC OR 4+ VESSELS/STENTS","WELLSTAR KENNESTONE HOSPITAL","677 CHURCH STREET","MARIETTA","GA",30060,"GA - Atlanta",43,"$71997.37","$19652.04","$17232.06"
"1384",110035,"WELLSTAR KENNESTONE HOSPITAL","677 CHURCH STREET
MARIETTA, GA 30060
(33.96796328900007, -84.55019271899994)","Yes","Y","Yes","Y","Y","Yes","Y","Y","329 - MAJOR SMALL & LARGE BOWEL PROCEDURES W MCC","WELLSTAR KENNESTONE HOSPITAL","677 CHURCH STREET","MARIETTA","GA",30060,"GA - Atlanta",67,"$116049.92","$32695.94","$31354.88"
"1395",110035,"WELLSTAR KENNESTONE HOSPITAL","677 CHURCH STREET
MARIETTA, GA 30060
(33.96796328900007, -84.55019271899994)","Yes","Y","Yes","Y","Y","Yes","Y","Y","419 - LAPAROSCOPIC CHOLECYSTECTOMY W/O C.D.E. W/O CC/MCC","WELLSTAR KENNESTONE HOSPITAL","677 CHURCH STREET","MARIETTA","GA",30060,"GA - Atlanta",29,"$28689.86","$7413.31","$5115.31"
"1396",110035,"WELLSTAR KENNESTONE HOSPITAL","677 CHURCH STREET
MARIETTA, GA 30060
(33.96796328900007, -84.55019271899994)","Yes","Y","Yes","Y","Y","Yes","Y","Y","243 - PERMANENT CARDIAC PACEMAKER IMPLANT W CC","WELLSTAR KENNESTONE HOSPITAL","677 CHURCH STREET","MARIETTA","GA",30060,"GA - Atlanta",48,"$60222.95","$15451.14","$14220.95"
"1398",110035,"WELLSTAR KENNESTONE HOSPITAL","677 CHURCH STREET
MARIETTA, GA 30060
(33.96796328900007, -84.55019271899994)","Yes","Y","Yes","Y","Y","Yes","Y","Y","251 - PERC CARDIOVASC PROC W/O CORONARY ARTERY STENT W/O MCC","WELLSTAR KENNESTONE HOSPITAL","677 CHURCH STREET","MARIETTA","GA",30060,"GA - Atlanta",34,"$50321.52","$10680.52","$8803.02"
"1404",110035,"WELLSTAR KENNESTONE HOSPITAL","677 CHURCH STREET
MARIETTA, GA 30060
(33.96796328900007, -84.55019271899994)","Yes","Y","Yes","Y","Y","Yes","Y","Y","238 - MAJOR CARDIOVASC PROCEDURES W/O MCC","WELLSTAR KENNESTONE HOSPITAL","677 CHURCH STREET","MARIETTA","GA",30060,"GA - Atlanta",41,"$71739.58","$19598.70","$16130.73"
"1409",110035,"WELLSTAR KENNESTONE HOSPITAL","677 CHURCH STREET
MARIETTA, GA 30060
(33.96796328900007, -84.55019271899994)","Yes","Y","Yes","Y","Y","Yes","Y","Y","249 - PERC CARDIOVASC PROC W NON-DRUG-ELUTING STENT W/O MCC","WELLSTAR KENNESTONE HOSPITAL","677 CHURCH STREET","MARIETTA","GA",30060,"GA - Atlanta",49,"$52992.12","$10975.97","$8884.28"
"1432",110035,"WELLSTAR KENNESTONE HOSPITAL","677 CHURCH STREET
MARIETTA, GA 30060
(33.96796328900007, -84.55019271899994)","Yes","Y","Yes","Y","Y","Yes","Y","Y","252 - OTHER VASCULAR PROCEDURES W MCC","WELLSTAR KENNESTONE HOSPITAL","677 CHURCH STREET","MARIETTA","GA",30060,"GA - Atlanta",54,"$94984.75","$32577.48","$19075.38"
"1441",110035,"WELLSTAR KENNESTONE HOSPITAL","677 CHURCH STREET
MARIETTA, GA 30060
(33.96796328900007, -84.55019271899994)","Yes","Y","Yes","Y","Y","Yes","Y","Y","244 - PERMANENT CARDIAC PACEMAKER IMPLANT W/O CC/MCC","WELLSTAR KENNESTONE HOSPITAL","677 CHURCH STREET","MARIETTA","GA",30060,"GA - Atlanta",73,"$42640.76","$12270.87","$10432.31"
"1443",110035,"WELLSTAR KENNESTONE HOSPITAL","677 CHURCH STREET
MARIETTA, GA 30060
(33.96796328900007, -84.55019271899994)","Yes","Y","Yes","Y","Y","Yes","Y","Y","253 - OTHER VASCULAR PROCEDURES W CC","WELLSTAR KENNESTONE HOSPITAL","677 CHURCH STREET","MARIETTA","GA",30060,"GA - Atlanta",37,"$50778.16","$14010.10","$12482.16"
"1447",110035,"WELLSTAR KENNESTONE HOSPITAL","677 CHURCH STREET
MARIETTA, GA 30060
(33.96796328900007, -84.55019271899994)","Yes","Y","Yes","Y","Y","Yes","Y","Y","330 - MAJOR SMALL & LARGE BOWEL PROCEDURES W CC","WELLSTAR KENNESTONE HOSPITAL","677 CHURCH STREET","MARIETTA","GA",30060,"GA - Atlanta",39,"$44041.07","$15826.30","$12869.07"
"1451",110035,"WELLSTAR KENNESTONE HOSPITAL","677 CHURCH STREET
MARIETTA, GA 30060
(33.96796328900007, -84.55019271899994)","Yes","Y","Yes","Y","Y","Yes","Y","Y","247 - PERC CARDIOVASC PROC W DRUG-ELUTING STENT W/O MCC","WELLSTAR KENNESTONE HOSPITAL","677 CHURCH STREET","MARIETTA","GA",30060,"GA - Atlanta",128,"$56473.39","$12950.52","$9807.17"
"1462",110035,"WELLSTAR KENNESTONE HOSPITAL","677 CHURCH STREET
MARIETTA, GA 30060
(33.96796328900007, -84.55019271899994)","Yes","Y","Yes","Y","Y","Yes","Y","Y","254 - OTHER VASCULAR PROCEDURES W/O CC/MCC","WELLSTAR KENNESTONE HOSPITAL","677 CHURCH STREET","MARIETTA","GA",30060,"GA - Atlanta",26,"$35054.65","$9636.19","$8143.03"
"1467",110035,"WELLSTAR KENNESTONE HOSPITAL","677 CHURCH STREET
MARIETTA, GA 30060
(33.96796328900007, -84.55019271899994)","Yes","Y","Yes","Y","Y","Yes","Y","Y","418 - LAPAROSCOPIC CHOLECYSTECTOMY W/O C.D.E. W CC","WELLSTAR KENNESTONE HOSPITAL","677 CHURCH STREET","MARIETTA","GA",30060,"GA - Atlanta",21,"$41159.23","$9862.42","$8845.85"
"1479",110036,"MEMORIAL HEALTH UNIV MED CEN, INC","4700 WATERS AVENUE
SAVANNAH, GA 31403
(32.03212606000005, -81.09164333999996)","Yes","N","Yes","Y","Y","Yes","Y","Y","246 - PERC CARDIOVASC PROC W DRUG-ELUTING STENT W MCC OR 4+ VESSELS/STENTS","MEMORIAL HEALTH UNIV MED CEN, INC","4700 WATERS AVENUE","SAVANNAH","GA",31403,"GA - Savannah",17,"$89551.52","$22873.58","$22011.64"
"1482",110036,"MEMORIAL HEALTH UNIV MED CEN, INC","4700 WATERS AVENUE
SAVANNAH, GA 31403
(32.03212606000005, -81.09164333999996)","Yes","N","Yes","Y","Y","Yes","Y","Y","329 - MAJOR SMALL & LARGE BOWEL PROCEDURES W MCC","MEMORIAL HEALTH UNIV MED CEN, INC","4700 WATERS AVENUE","SAVANNAH","GA",31403,"GA - Savannah",35,"$147294.91","$38372.02","$37474.65"
"1494",110036,"MEMORIAL HEALTH UNIV MED CEN, INC","4700 WATERS AVENUE
SAVANNAH, GA 31403
(32.03212606000005, -81.09164333999996)","Yes","N","Yes","Y","Y","Yes","Y","Y","419 - LAPAROSCOPIC CHOLECYSTECTOMY W/O C.D.E. W/O CC/MCC","MEMORIAL HEALTH UNIV MED CEN, INC","4700 WATERS AVENUE","SAVANNAH","GA",31403,"GA - Savannah",13,"$33522.69","$8362.69","$6737.69"
"1495",110036,"MEMORIAL HEALTH UNIV MED CEN, INC","4700 WATERS AVENUE
SAVANNAH, GA 31403
(32.03212606000005, -81.09164333999996)","Yes","N","Yes","Y","Y","Yes","Y","Y","243 - PERMANENT CARDIAC PACEMAKER IMPLANT W CC","MEMORIAL HEALTH UNIV MED CEN, INC","4700 WATERS AVENUE","SAVANNAH","GA",31403,"GA - Savannah",20,"$79891.85","$18862.65","$16920.15"
"1502",110036,"MEMORIAL HEALTH UNIV MED CEN, INC","4700 WATERS AVENUE
SAVANNAH, GA 31403
(32.03212606000005, -81.09164333999996)","Yes","N","Yes","Y","Y","Yes","Y","Y","238 - MAJOR CARDIOVASC PROCEDURES W/O MCC","MEMORIAL HEALTH UNIV MED CEN, INC","4700 WATERS AVENUE","SAVANNAH","GA",31403,"GA - Savannah",77,"$101091.67","$22559.06","$20984.92"
"1508",110036,"MEMORIAL HEALTH UNIV MED CEN, INC","4700 WATERS AVENUE
SAVANNAH, GA 31403
(32.03212606000005, -81.09164333999996)","Yes","N","Yes","Y","Y","Yes","Y","Y","251 - PERC CARDIOVASC PROC W/O CORONARY ARTERY STENT W/O MCC","MEMORIAL HEALTH UNIV MED CEN, INC","4700 WATERS AVENUE","SAVANNAH","GA",31403,"GA - Savannah",19,"$62746.42","$13460.89","$10932.68"
"1517",110036,"MEMORIAL HEALTH UNIV MED CEN, INC","4700 WATERS AVENUE
SAVANNAH, GA 31403
(32.03212606000005, -81.09164333999996)","Yes","N","Yes","Y","Y","Yes","Y","Y","253 - OTHER VASCULAR PROCEDURES W CC","MEMORIAL HEALTH UNIV MED CEN, INC","4700 WATERS AVENUE","SAVANNAH","GA",31403,"GA - Savannah",63,"$73200.77","$17185.53","$16092.71"
"1522",110036,"MEMORIAL HEALTH UNIV MED CEN, INC","4700 WATERS AVENUE
SAVANNAH, GA 31403
(32.03212606000005, -81.09164333999996)","Yes","N","Yes","Y","Y","Yes","Y","Y","254 - OTHER VASCULAR PROCEDURES W/O CC/MCC","MEMORIAL HEALTH UNIV MED CEN, INC","4700 WATERS AVENUE","SAVANNAH","GA",31403,"GA - Savannah",43,"$51735.81","$12170.90","$9912.93"
"1545",110036,"MEMORIAL HEALTH UNIV MED CEN, INC","4700 WATERS AVENUE
SAVANNAH, GA 31403
(32.03212606000005, -81.09164333999996)","Yes","N","Yes","Y","Y","Yes","Y","Y","252 - OTHER VASCULAR PROCEDURES W MCC","MEMORIAL HEALTH UNIV MED CEN, INC","4700 WATERS AVENUE","SAVANNAH","GA",31403,"GA - Savannah",58,"$89378.12","$22394.29","$21795.75"
"1547",110036,"MEMORIAL HEALTH UNIV MED CEN, INC","4700 WATERS AVENUE
SAVANNAH, GA 31403
(32.03212606000005, -81.09164333999996)","Yes","N","Yes","Y","Y","Yes","Y","Y","330 - MAJOR SMALL & LARGE BOWEL PROCEDURES W CC","MEMORIAL HEALTH UNIV MED CEN, INC","4700 WATERS AVENUE","SAVANNAH","GA",31403,"GA - Savannah",65,"$71893.40","$18428.20","$16449.12"
"1549",110036,"MEMORIAL HEALTH UNIV MED CEN, INC","4700 WATERS AVENUE
SAVANNAH, GA 31403
(32.03212606000005, -81.09164333999996)","Yes","N","Yes","Y","Y","Yes","Y","Y","249 - PERC CARDIOVASC PROC W NON-DRUG-ELUTING STENT W/O MCC","MEMORIAL HEALTH UNIV MED CEN, INC","4700 WATERS AVENUE","SAVANNAH","GA",31403,"GA - Savannah",32,"$43843.18","$12443.09","$10536.34"
"1557",110036,"MEMORIAL HEALTH UNIV MED CEN, INC","4700 WATERS AVENUE
SAVANNAH, GA 31403
(32.03212606000005, -81.09164333999996)","Yes","N","Yes","Y","Y","Yes","Y","Y","247 - PERC CARDIOVASC PROC W DRUG-ELUTING STENT W/O MCC","MEMORIAL HEALTH UNIV MED CEN, INC","4700 WATERS AVENUE","SAVANNAH","GA",31403,"GA - Savannah",74,"$49278.97","$13775.48","$11929.77"
"1558",110036,"MEMORIAL HEALTH UNIV MED CEN, INC","4700 WATERS AVENUE
SAVANNAH, GA 31403
(32.03212606000005, -81.09164333999996)","Yes","N","Yes","Y","Y","Yes","Y","Y","418 - LAPAROSCOPIC CHOLECYSTECTOMY W/O C.D.E. W CC","MEMORIAL HEALTH UNIV MED CEN, INC","4700 WATERS AVENUE","SAVANNAH","GA",31403,"GA - Savannah",23,"$46902.39","$12169.65","$10058.86"
"1580",110038,"JOHN D ARCHBOLD MEMORIAL HOSPITAL","915 GORDON AVENUE &amp; MIMOSA DRIVE
THOMASVILLE, GA 31792
(30.827433580000047, -83.98883586199997)","Yes","N","Yes","N","Does not have a Cardiac Surgery Program","Yes","N",NA,"238 - MAJOR CARDIOVASC PROCEDURES W/O MCC","JOHN D ARCHBOLD MEMORIAL HOSPITAL","915 GORDON AVENUE & MIMOSA DRIVE","THOMASVILLE","GA",31792,"FL - Tallahassee",28,"$71775.89","$18050.89","$17048.14"
"1592",110038,"JOHN D ARCHBOLD MEMORIAL HOSPITAL","915 GORDON AVENUE &amp; MIMOSA DRIVE
THOMASVILLE, GA 31792
(30.827433580000047, -83.98883586199997)","Yes","N","Yes","N","Does not have a Cardiac Surgery Program","Yes","N",NA,"329 - MAJOR SMALL & LARGE BOWEL PROCEDURES W MCC","JOHN D ARCHBOLD MEMORIAL HOSPITAL","915 GORDON AVENUE & MIMOSA DRIVE","THOMASVILLE","GA",31792,"FL - Tallahassee",15,"$129623.33","$40436.00","$37270.73"
"1594",110038,"JOHN D ARCHBOLD MEMORIAL HOSPITAL","915 GORDON AVENUE &amp; MIMOSA DRIVE
THOMASVILLE, GA 31792
(30.827433580000047, -83.98883586199997)","Yes","N","Yes","N","Does not have a Cardiac Surgery Program","Yes","N",NA,"246 - PERC CARDIOVASC PROC W DRUG-ELUTING STENT W MCC OR 4+ VESSELS/STENTS","JOHN D ARCHBOLD MEMORIAL HOSPITAL","915 GORDON AVENUE & MIMOSA DRIVE","THOMASVILLE","GA",31792,"FL - Tallahassee",15,"$66151.46","$17752.00","$16775.20"
"1613",110038,"JOHN D ARCHBOLD MEMORIAL HOSPITAL","915 GORDON AVENUE &amp; MIMOSA DRIVE
THOMASVILLE, GA 31792
(30.827433580000047, -83.98883586199997)","Yes","N","Yes","N","Does not have a Cardiac Surgery Program","Yes","N",NA,"252 - OTHER VASCULAR PROCEDURES W MCC","JOHN D ARCHBOLD MEMORIAL HOSPITAL","915 GORDON AVENUE & MIMOSA DRIVE","THOMASVILLE","GA",31792,"FL - Tallahassee",21,"$67671.33","$23358.14","$16615.61"
"1614",110038,"JOHN D ARCHBOLD MEMORIAL HOSPITAL","915 GORDON AVENUE &amp; MIMOSA DRIVE
THOMASVILLE, GA 31792
(30.827433580000047, -83.98883586199997)","Yes","N","Yes","N","Does not have a Cardiac Surgery Program","Yes","N",NA,"418 - LAPAROSCOPIC CHOLECYSTECTOMY W/O C.D.E. W CC","JOHN D ARCHBOLD MEMORIAL HOSPITAL","915 GORDON AVENUE & MIMOSA DRIVE","THOMASVILLE","GA",31792,"FL - Tallahassee",11,"$36871.72","$11066.00","$7715.81"
"1615",110038,"JOHN D ARCHBOLD MEMORIAL HOSPITAL","915 GORDON AVENUE &amp; MIMOSA DRIVE
THOMASVILLE, GA 31792
(30.827433580000047, -83.98883586199997)","Yes","N","Yes","N","Does not have a Cardiac Surgery Program","Yes","N",NA,"253 - OTHER VASCULAR PROCEDURES W CC","JOHN D ARCHBOLD MEMORIAL HOSPITAL","915 GORDON AVENUE & MIMOSA DRIVE","THOMASVILLE","GA",31792,"FL - Tallahassee",17,"$52747.00","$15082.88","$12518.35"
"1624",110038,"JOHN D ARCHBOLD MEMORIAL HOSPITAL","915 GORDON AVENUE &amp; MIMOSA DRIVE
THOMASVILLE, GA 31792
(30.827433580000047, -83.98883586199997)","Yes","N","Yes","N","Does not have a Cardiac Surgery Program","Yes","N",NA,"247 - PERC CARDIOVASC PROC W DRUG-ELUTING STENT W/O MCC","JOHN D ARCHBOLD MEMORIAL HOSPITAL","915 GORDON AVENUE & MIMOSA DRIVE","THOMASVILLE","GA",31792,"FL - Tallahassee",46,"$52876.47","$12673.54","$9596.21"
"1631",110038,"JOHN D ARCHBOLD MEMORIAL HOSPITAL","915 GORDON AVENUE &amp; MIMOSA DRIVE
THOMASVILLE, GA 31792
(30.827433580000047, -83.98883586199997)","Yes","N","Yes","N","Does not have a Cardiac Surgery Program","Yes","N",NA,"249 - PERC CARDIOVASC PROC W NON-DRUG-ELUTING STENT W/O MCC","JOHN D ARCHBOLD MEMORIAL HOSPITAL","915 GORDON AVENUE & MIMOSA DRIVE","THOMASVILLE","GA",31792,"FL - Tallahassee",16,"$50160.81","$11721.25","$8558.75"
"1634",110038,"JOHN D ARCHBOLD MEMORIAL HOSPITAL","915 GORDON AVENUE &amp; MIMOSA DRIVE
THOMASVILLE, GA 31792
(30.827433580000047, -83.98883586199997)","Yes","N","Yes","N","Does not have a Cardiac Surgery Program","Yes","N",NA,"330 - MAJOR SMALL & LARGE BOWEL PROCEDURES W CC","JOHN D ARCHBOLD MEMORIAL HOSPITAL","915 GORDON AVENUE & MIMOSA DRIVE","THOMASVILLE","GA",31792,"FL - Tallahassee",22,"$49868.90","$14858.27","$13886.45"
"1637",110038,"JOHN D ARCHBOLD MEMORIAL HOSPITAL","915 GORDON AVENUE &amp; MIMOSA DRIVE
THOMASVILLE, GA 31792
(30.827433580000047, -83.98883586199997)","Yes","N","Yes","N","Does not have a Cardiac Surgery Program","Yes","N",NA,"254 - OTHER VASCULAR PROCEDURES W/O CC/MCC","JOHN D ARCHBOLD MEMORIAL HOSPITAL","915 GORDON AVENUE & MIMOSA DRIVE","THOMASVILLE","GA",31792,"FL - Tallahassee",24,"$34030.62","$9515.75","$7759.29"
"1659",110039,"TRINITY HOSPITAL OF AUGUSTA","2260 WRIGHTSBORO RD
AUGUSTA, GA 30904
(33.467672864000065, -82.01793354399996)","No","N","Yes","N","Does not have a Cardiac Surgery Program","No","N",NA,"419 - LAPAROSCOPIC CHOLECYSTECTOMY W/O C.D.E. W/O CC/MCC","TRINITY HOSPITAL OF AUGUSTA","2260 WRIGHTSBORO RD","AUGUSTA","GA",30904,"GA - Augusta",12,"$32249.83","$6776.00","$5840.66"
"1665",110039,"TRINITY HOSPITAL OF AUGUSTA","2260 WRIGHTSBORO RD
AUGUSTA, GA 30904
(33.467672864000065, -82.01793354399996)","No","N","Yes","N","Does not have a Cardiac Surgery Program","No","N",NA,"247 - PERC CARDIOVASC PROC W DRUG-ELUTING STENT W/O MCC","TRINITY HOSPITAL OF AUGUSTA","2260 WRIGHTSBORO RD","AUGUSTA","GA",30904,"GA - Augusta",11,"$88186.18","$11562.18","$10539.00"
"1675",110039,"TRINITY HOSPITAL OF AUGUSTA","2260 WRIGHTSBORO RD
AUGUSTA, GA 30904
(33.467672864000065, -82.01793354399996)","No","N","Yes","N","Does not have a Cardiac Surgery Program","No","N",NA,"330 - MAJOR SMALL & LARGE BOWEL PROCEDURES W CC","TRINITY HOSPITAL OF AUGUSTA","2260 WRIGHTSBORO RD","AUGUSTA","GA",30904,"GA - Augusta",11,"$51293.09","$14486.00","$12799.00"
"1739",110043,"ST JOSEPH'S HOSPITAL - SAVANNAH","11705 MERCY BOULEVARD
SAVANNAH, GA 31419
(31.985432182000068, -81.15294189099995)","Yes","Y","Yes","Y","Y","Yes","N",NA,"419 - LAPAROSCOPIC CHOLECYSTECTOMY W/O C.D.E. W/O CC/MCC","ST JOSEPH'S HOSPITAL - SAVANNAH","11705 MERCY BOULEVARD","SAVANNAH","GA",31419,"GA - Savannah",12,"$34226.41","$8282.91","$4350.50"
"1759",110043,"ST JOSEPH'S HOSPITAL - SAVANNAH","11705 MERCY BOULEVARD
SAVANNAH, GA 31419
(31.985432182000068, -81.15294189099995)","Yes","Y","Yes","Y","Y","Yes","N",NA,"246 - PERC CARDIOVASC PROC W DRUG-ELUTING STENT W MCC OR 4+ VESSELS/STENTS","ST JOSEPH'S HOSPITAL - SAVANNAH","11705 MERCY BOULEVARD","SAVANNAH","GA",31419,"GA - Savannah",20,"$58560.85","$17211.10","$16535.10"
"1765",110043,"ST JOSEPH'S HOSPITAL - SAVANNAH","11705 MERCY BOULEVARD
SAVANNAH, GA 31419
(31.985432182000068, -81.15294189099995)","Yes","Y","Yes","Y","Y","Yes","N",NA,"330 - MAJOR SMALL & LARGE BOWEL PROCEDURES W CC","ST JOSEPH'S HOSPITAL - SAVANNAH","11705 MERCY BOULEVARD","SAVANNAH","GA",31419,"GA - Savannah",27,"$71444.96","$15257.74","$14382.03"
"1767",110043,"ST JOSEPH'S HOSPITAL - SAVANNAH","11705 MERCY BOULEVARD
SAVANNAH, GA 31419
(31.985432182000068, -81.15294189099995)","Yes","Y","Yes","Y","Y","Yes","N",NA,"254 - OTHER VASCULAR PROCEDURES W/O CC/MCC","ST JOSEPH'S HOSPITAL - SAVANNAH","11705 MERCY BOULEVARD","SAVANNAH","GA",31419,"GA - Savannah",14,"$52486.07","$8993.57","$8187.28"
"1780",110043,"ST JOSEPH'S HOSPITAL - SAVANNAH","11705 MERCY BOULEVARD
SAVANNAH, GA 31419
(31.985432182000068, -81.15294189099995)","Yes","Y","Yes","Y","Y","Yes","N",NA,"329 - MAJOR SMALL & LARGE BOWEL PROCEDURES W MCC","ST JOSEPH'S HOSPITAL - SAVANNAH","11705 MERCY BOULEVARD","SAVANNAH","GA",31419,"GA - Savannah",22,"$141752.59","$33875.90","$33209.90"
"1782",110043,"ST JOSEPH'S HOSPITAL - SAVANNAH","11705 MERCY BOULEVARD
SAVANNAH, GA 31419
(31.985432182000068, -81.15294189099995)","Yes","Y","Yes","Y","Y","Yes","N",NA,"238 - MAJOR CARDIOVASC PROCEDURES W/O MCC","ST JOSEPH'S HOSPITAL - SAVANNAH","11705 MERCY BOULEVARD","SAVANNAH","GA",31419,"GA - Savannah",27,"$77807.88","$16426.51","$15597.48"
"1787",110043,"ST JOSEPH'S HOSPITAL - SAVANNAH","11705 MERCY BOULEVARD
SAVANNAH, GA 31419
(31.985432182000068, -81.15294189099995)","Yes","Y","Yes","Y","Y","Yes","N",NA,"252 - OTHER VASCULAR PROCEDURES W MCC","ST JOSEPH'S HOSPITAL - SAVANNAH","11705 MERCY BOULEVARD","SAVANNAH","GA",31419,"GA - Savannah",15,"$89353.60","$19069.93","$18673.66"
"1788",110043,"ST JOSEPH'S HOSPITAL - SAVANNAH","11705 MERCY BOULEVARD
SAVANNAH, GA 31419
(31.985432182000068, -81.15294189099995)","Yes","Y","Yes","Y","Y","Yes","N",NA,"249 - PERC CARDIOVASC PROC W NON-DRUG-ELUTING STENT W/O MCC","ST JOSEPH'S HOSPITAL - SAVANNAH","11705 MERCY BOULEVARD","SAVANNAH","GA",31419,"GA - Savannah",18,"$36376.72","$9414.33","$8479.88"
"1790",110043,"ST JOSEPH'S HOSPITAL - SAVANNAH","11705 MERCY BOULEVARD
SAVANNAH, GA 31419
(31.985432182000068, -81.15294189099995)","Yes","Y","Yes","Y","Y","Yes","N",NA,"418 - LAPAROSCOPIC CHOLECYSTECTOMY W/O C.D.E. W CC","ST JOSEPH'S HOSPITAL - SAVANNAH","11705 MERCY BOULEVARD","SAVANNAH","GA",31419,"GA - Savannah",15,"$43731.46","$9028.00","$8133.06"
"1797",110043,"ST JOSEPH'S HOSPITAL - SAVANNAH","11705 MERCY BOULEVARD
SAVANNAH, GA 31419
(31.985432182000068, -81.15294189099995)","Yes","Y","Yes","Y","Y","Yes","N",NA,"253 - OTHER VASCULAR PROCEDURES W CC","ST JOSEPH'S HOSPITAL - SAVANNAH","11705 MERCY BOULEVARD","SAVANNAH","GA",31419,"GA - Savannah",16,"$52095.00","$13166.12","$10980.87"
"1799",110043,"ST JOSEPH'S HOSPITAL - SAVANNAH","11705 MERCY BOULEVARD
SAVANNAH, GA 31419
(31.985432182000068, -81.15294189099995)","Yes","Y","Yes","Y","Y","Yes","N",NA,"244 - PERMANENT CARDIAC PACEMAKER IMPLANT W/O CC/MCC","ST JOSEPH'S HOSPITAL - SAVANNAH","11705 MERCY BOULEVARD","SAVANNAH","GA",31419,"GA - Savannah",23,"$41461.82","$11281.47","$9527.91"
"1813",110043,"ST JOSEPH'S HOSPITAL - SAVANNAH","11705 MERCY BOULEVARD
SAVANNAH, GA 31419
(31.985432182000068, -81.15294189099995)","Yes","Y","Yes","Y","Y","Yes","N",NA,"247 - PERC CARDIOVASC PROC W DRUG-ELUTING STENT W/O MCC","ST JOSEPH'S HOSPITAL - SAVANNAH","11705 MERCY BOULEVARD","SAVANNAH","GA",31419,"GA - Savannah",69,"$41720.01","$10634.81","$9273.18"
"1928",110054,"FLOYD MEDICAL CENTER","304 TURNER MCCALL BLVD P O BOX 233
ROME, GA 30162
(34.27626431500005, -85.18189616199999)","Yes","N","Yes","Y","Does not have a Cardiac Surgery Program","Yes","Y",NA,"247 - PERC CARDIOVASC PROC W DRUG-ELUTING STENT W/O MCC","FLOYD MEDICAL CENTER","304 TURNER MCCALL BLVD P O BOX 233","ROME","GA",30162,"GA - Rome",41,"$66937.63","$13833.14","$12874.60"
"1935",110054,"FLOYD MEDICAL CENTER","304 TURNER MCCALL BLVD P O BOX 233
ROME, GA 30162
(34.27626431500005, -85.18189616199999)","Yes","N","Yes","Y","Does not have a Cardiac Surgery Program","Yes","Y",NA,"246 - PERC CARDIOVASC PROC W DRUG-ELUTING STENT W MCC OR 4+ VESSELS/STENTS","FLOYD MEDICAL CENTER","304 TURNER MCCALL BLVD P O BOX 233","ROME","GA",30162,"GA - Rome",14,"$106818.00","$23177.00","$22135.07"
"1945",110054,"FLOYD MEDICAL CENTER","304 TURNER MCCALL BLVD P O BOX 233
ROME, GA 30162
(34.27626431500005, -85.18189616199999)","Yes","N","Yes","Y","Does not have a Cardiac Surgery Program","Yes","Y",NA,"249 - PERC CARDIOVASC PROC W NON-DRUG-ELUTING STENT W/O MCC","FLOYD MEDICAL CENTER","304 TURNER MCCALL BLVD P O BOX 233","ROME","GA",30162,"GA - Rome",27,"$50975.51","$12465.66","$11506.11"
"1960",110054,"FLOYD MEDICAL CENTER","304 TURNER MCCALL BLVD P O BOX 233
ROME, GA 30162
(34.27626431500005, -85.18189616199999)","Yes","N","Yes","Y","Does not have a Cardiac Surgery Program","Yes","Y",NA,"252 - OTHER VASCULAR PROCEDURES W MCC","FLOYD MEDICAL CENTER","304 TURNER MCCALL BLVD P O BOX 233","ROME","GA",30162,"GA - Rome",16,"$76740.56","$22222.75","$21446.50"
"1963",110054,"FLOYD MEDICAL CENTER","304 TURNER MCCALL BLVD P O BOX 233
ROME, GA 30162
(34.27626431500005, -85.18189616199999)","Yes","N","Yes","Y","Does not have a Cardiac Surgery Program","Yes","Y",NA,"253 - OTHER VASCULAR PROCEDURES W CC","FLOYD MEDICAL CENTER","304 TURNER MCCALL BLVD P O BOX 233","ROME","GA",30162,"GA - Rome",15,"$67517.33","$17707.73","$14603.26"
"1978",110054,"FLOYD MEDICAL CENTER","304 TURNER MCCALL BLVD P O BOX 233
ROME, GA 30162
(34.27626431500005, -85.18189616199999)","Yes","N","Yes","Y","Does not have a Cardiac Surgery Program","Yes","Y",NA,"330 - MAJOR SMALL & LARGE BOWEL PROCEDURES W CC","FLOYD MEDICAL CENTER","304 TURNER MCCALL BLVD P O BOX 233","ROME","GA",30162,"GA - Rome",18,"$54919.83","$20279.66","$15407.72"
"1985",110054,"FLOYD MEDICAL CENTER","304 TURNER MCCALL BLVD P O BOX 233
ROME, GA 30162
(34.27626431500005, -85.18189616199999)","Yes","N","Yes","Y","Does not have a Cardiac Surgery Program","Yes","Y",NA,"238 - MAJOR CARDIOVASC PROCEDURES W/O MCC","FLOYD MEDICAL CENTER","304 TURNER MCCALL BLVD P O BOX 233","ROME","GA",30162,"GA - Rome",19,"$95744.94","$26311.47","$18197.84"
"2033",110064,"MIDTOWN MEDICAL CENTER","710 CENTER ST BOX 951
COLUMBUS, GA 31901
(32.482284578000076, -84.98003968099994)","Yes","Y","Yes","Y","Does not have a Cardiac Surgery Program","Yes","N",NA,"252 - OTHER VASCULAR PROCEDURES W MCC","MEDICAL CENTER, THE","710 CENTER ST BOX 951","COLUMBUS","GA",31901,"GA - Columbus",28,"$36909.14","$21672.32","$20616.57"
"2036",110064,"MIDTOWN MEDICAL CENTER","710 CENTER ST BOX 951
COLUMBUS, GA 31901
(32.482284578000076, -84.98003968099994)","Yes","Y","Yes","Y","Does not have a Cardiac Surgery Program","Yes","N",NA,"330 - MAJOR SMALL & LARGE BOWEL PROCEDURES W CC","MEDICAL CENTER, THE","710 CENTER ST BOX 951","COLUMBUS","GA",31901,"GA - Columbus",14,"$65150.07","$21369.85","$20626.50"
"2057",110069,"HOUSTON MEDICAL CENTER","1601 WATSON BOULEVARD
WARNER ROBINS, GA 31093
(32.61818354300004, -83.63034087999995)","Yes","N","Yes","N","Does not have a Cardiac Surgery Program","No","N",NA,"249 - PERC CARDIOVASC PROC W NON-DRUG-ELUTING STENT W/O MCC","HOUSTON MEDICAL CENTER","1601 WATSON BOULEVARD","WARNER ROBINS","GA",31093,"GA - Macon",19,"$43719.31","$10563.89","$9498.21"
"2061",110069,"HOUSTON MEDICAL CENTER","1601 WATSON BOULEVARD
WARNER ROBINS, GA 31093
(32.61818354300004, -83.63034087999995)","Yes","N","Yes","N","Does not have a Cardiac Surgery Program","No","N",NA,"419 - LAPAROSCOPIC CHOLECYSTECTOMY W/O C.D.E. W/O CC/MCC","HOUSTON MEDICAL CENTER","1601 WATSON BOULEVARD","WARNER ROBINS","GA",31093,"GA - Macon",16,"$21446.00","$6863.50","$5762.43"
"2099",110069,"HOUSTON MEDICAL CENTER","1601 WATSON BOULEVARD
WARNER ROBINS, GA 31093
(32.61818354300004, -83.63034087999995)","Yes","N","Yes","N","Does not have a Cardiac Surgery Program","No","N",NA,"418 - LAPAROSCOPIC CHOLECYSTECTOMY W/O C.D.E. W CC","HOUSTON MEDICAL CENTER","1601 WATSON BOULEVARD","WARNER ROBINS","GA",31093,"GA - Macon",11,"$29729.72","$9496.72","$8323.81"
"2107",110069,"HOUSTON MEDICAL CENTER","1601 WATSON BOULEVARD
WARNER ROBINS, GA 31093
(32.61818354300004, -83.63034087999995)","Yes","N","Yes","N","Does not have a Cardiac Surgery Program","No","N",NA,"247 - PERC CARDIOVASC PROC W DRUG-ELUTING STENT W/O MCC","HOUSTON MEDICAL CENTER","1601 WATSON BOULEVARD","WARNER ROBINS","GA",31093,"GA - Macon",43,"$44324.20","$11982.25","$10393.39"
"2118",110069,"HOUSTON MEDICAL CENTER","1601 WATSON BOULEVARD
WARNER ROBINS, GA 31093
(32.61818354300004, -83.63034087999995)","Yes","N","Yes","N","Does not have a Cardiac Surgery Program","No","N",NA,"330 - MAJOR SMALL & LARGE BOWEL PROCEDURES W CC","HOUSTON MEDICAL CENTER","1601 WATSON BOULEVARD","WARNER ROBINS","GA",31093,"GA - Macon",23,"$42559.56","$15051.21","$13968.04"
"2127",110069,"HOUSTON MEDICAL CENTER","1601 WATSON BOULEVARD
WARNER ROBINS, GA 31093
(32.61818354300004, -83.63034087999995)","Yes","N","Yes","N","Does not have a Cardiac Surgery Program","No","N",NA,"329 - MAJOR SMALL & LARGE BOWEL PROCEDURES W MCC","HOUSTON MEDICAL CENTER","1601 WATSON BOULEVARD","WARNER ROBINS","GA",31093,"GA - Macon",24,"$78228.79","$35072.25","$32069.95"
"2193",110074,"ATHENS REGIONAL MEDICAL CENTER","1199 PRINCE AVENUE
ATHENS, GA 30606
(33.962392874000045, -83.39796251099995)","Yes","Y","Yes","Y","Y","Yes","Y",NA,"244 - PERMANENT CARDIAC PACEMAKER IMPLANT W/O CC/MCC","ATHENS REGIONAL MEDICAL CENTER","1199 PRINCE AVENUE","ATHENS","GA",30606,"GA - Atlanta",22,"$46760.36","$13229.18","$11078.13"
"2198",110074,"ATHENS REGIONAL MEDICAL CENTER","1199 PRINCE AVENUE
ATHENS, GA 30606
(33.962392874000045, -83.39796251099995)","Yes","Y","Yes","Y","Y","Yes","Y",NA,"419 - LAPAROSCOPIC CHOLECYSTECTOMY W/O C.D.E. W/O CC/MCC","ATHENS REGIONAL MEDICAL CENTER","1199 PRINCE AVENUE","ATHENS","GA",30606,"GA - Atlanta",21,"$37021.90","$7768.28","$5645.00"
"2201",110074,"ATHENS REGIONAL MEDICAL CENTER","1199 PRINCE AVENUE
ATHENS, GA 30606
(33.962392874000045, -83.39796251099995)","Yes","Y","Yes","Y","Y","Yes","Y",NA,"252 - OTHER VASCULAR PROCEDURES W MCC","ATHENS REGIONAL MEDICAL CENTER","1199 PRINCE AVENUE","ATHENS","GA",30606,"GA - Atlanta",45,"$62808.00","$19510.42","$18196.00"
"2216",110074,"ATHENS REGIONAL MEDICAL CENTER","1199 PRINCE AVENUE
ATHENS, GA 30606
(33.962392874000045, -83.39796251099995)","Yes","Y","Yes","Y","Y","Yes","Y",NA,"249 - PERC CARDIOVASC PROC W NON-DRUG-ELUTING STENT W/O MCC","ATHENS REGIONAL MEDICAL CENTER","1199 PRINCE AVENUE","ATHENS","GA",30606,"GA - Atlanta",47,"$47706.29","$11424.59","$9516.63"
"2217",110074,"ATHENS REGIONAL MEDICAL CENTER","1199 PRINCE AVENUE
ATHENS, GA 30606
(33.962392874000045, -83.39796251099995)","Yes","Y","Yes","Y","Y","Yes","Y",NA,"253 - OTHER VASCULAR PROCEDURES W CC","ATHENS REGIONAL MEDICAL CENTER","1199 PRINCE AVENUE","ATHENS","GA",30606,"GA - Atlanta",36,"$45407.30","$14844.38","$13968.38"
"2220",110074,"ATHENS REGIONAL MEDICAL CENTER","1199 PRINCE AVENUE
ATHENS, GA 30606
(33.962392874000045, -83.39796251099995)","Yes","Y","Yes","Y","Y","Yes","Y",NA,"329 - MAJOR SMALL & LARGE BOWEL PROCEDURES W MCC","ATHENS REGIONAL MEDICAL CENTER","1199 PRINCE AVENUE","ATHENS","GA",30606,"GA - Atlanta",29,"$116117.06","$36099.75","$35215.10"
"2233",110074,"ATHENS REGIONAL MEDICAL CENTER","1199 PRINCE AVENUE
ATHENS, GA 30606
(33.962392874000045, -83.39796251099995)","Yes","Y","Yes","Y","Y","Yes","Y",NA,"418 - LAPAROSCOPIC CHOLECYSTECTOMY W/O C.D.E. W CC","ATHENS REGIONAL MEDICAL CENTER","1199 PRINCE AVENUE","ATHENS","GA",30606,"GA - Atlanta",27,"$48044.66","$11121.29","$9139.55"
"2237",110074,"ATHENS REGIONAL MEDICAL CENTER","1199 PRINCE AVENUE
ATHENS, GA 30606
(33.962392874000045, -83.39796251099995)","Yes","Y","Yes","Y","Y","Yes","Y",NA,"243 - PERMANENT CARDIAC PACEMAKER IMPLANT W CC","ATHENS REGIONAL MEDICAL CENTER","1199 PRINCE AVENUE","ATHENS","GA",30606,"GA - Atlanta",23,"$49779.04","$15907.17","$15032.39"
"2239",110074,"ATHENS REGIONAL MEDICAL CENTER","1199 PRINCE AVENUE
ATHENS, GA 30606
(33.962392874000045, -83.39796251099995)","Yes","Y","Yes","Y","Y","Yes","Y",NA,"330 - MAJOR SMALL & LARGE BOWEL PROCEDURES W CC","ATHENS REGIONAL MEDICAL CENTER","1199 PRINCE AVENUE","ATHENS","GA",30606,"GA - Atlanta",57,"$56561.29","$15820.87","$14980.66"
"2240",110074,"ATHENS REGIONAL MEDICAL CENTER","1199 PRINCE AVENUE
ATHENS, GA 30606
(33.962392874000045, -83.39796251099995)","Yes","Y","Yes","Y","Y","Yes","Y",NA,"247 - PERC CARDIOVASC PROC W DRUG-ELUTING STENT W/O MCC","ATHENS REGIONAL MEDICAL CENTER","1199 PRINCE AVENUE","ATHENS","GA",30606,"GA - Atlanta",46,"$53516.41","$13104.80","$10205.28"
"2255",110074,"ATHENS REGIONAL MEDICAL CENTER","1199 PRINCE AVENUE
ATHENS, GA 30606
(33.962392874000045, -83.39796251099995)","Yes","Y","Yes","Y","Y","Yes","Y",NA,"238 - MAJOR CARDIOVASC PROCEDURES W/O MCC","ATHENS REGIONAL MEDICAL CENTER","1199 PRINCE AVENUE","ATHENS","GA",30606,"GA - Atlanta",38,"$84693.50","$21406.21","$18548.81"
"2260",110074,"ATHENS REGIONAL MEDICAL CENTER","1199 PRINCE AVENUE
ATHENS, GA 30606
(33.962392874000045, -83.39796251099995)","Yes","Y","Yes","Y","Y","Yes","Y",NA,"254 - OTHER VASCULAR PROCEDURES W/O CC/MCC","ATHENS REGIONAL MEDICAL CENTER","1199 PRINCE AVENUE","ATHENS","GA",30606,"GA - Atlanta",23,"$38965.52","$10420.47","$9540.13"
"2272",110075,"EAST GEORGIA REGIONAL MEDICAL CENTER","1499 FAIR ROAD
STATESBORO, GA 30458
(32.415213710000046, -81.76871553199999)","No","N","Yes","N","Does not have a Cardiac Surgery Program","Yes","N",NA,"418 - LAPAROSCOPIC CHOLECYSTECTOMY W/O C.D.E. W CC","EAST GEORGIA REGIONAL MEDICAL CENTER","1499 FAIR ROAD","STATESBORO","GA",30458,"GA - Savannah",18,"$65786.16","$12539.83","$9270.61"
"2275",110075,"EAST GEORGIA REGIONAL MEDICAL CENTER","1499 FAIR ROAD
STATESBORO, GA 30458
(32.415213710000046, -81.76871553199999)","No","N","Yes","N","Does not have a Cardiac Surgery Program","Yes","N",NA,"329 - MAJOR SMALL & LARGE BOWEL PROCEDURES W MCC","EAST GEORGIA REGIONAL MEDICAL CENTER","1499 FAIR ROAD","STATESBORO","GA",30458,"GA - Savannah",13,"$124496.76","$34799.92","$34105.76"
"2314",110075,"EAST GEORGIA REGIONAL MEDICAL CENTER","1499 FAIR ROAD
STATESBORO, GA 30458
(32.415213710000046, -81.76871553199999)","No","N","Yes","N","Does not have a Cardiac Surgery Program","Yes","N",NA,"247 - PERC CARDIOVASC PROC W DRUG-ELUTING STENT W/O MCC","EAST GEORGIA REGIONAL MEDICAL CENTER","1499 FAIR ROAD","STATESBORO","GA",30458,"GA - Savannah",13,"$81435.00","$13482.15","$10795.46"
"2317",110075,"EAST GEORGIA REGIONAL MEDICAL CENTER","1499 FAIR ROAD
STATESBORO, GA 30458
(32.415213710000046, -81.76871553199999)","No","N","Yes","N","Does not have a Cardiac Surgery Program","Yes","N",NA,"419 - LAPAROSCOPIC CHOLECYSTECTOMY W/O C.D.E. W/O CC/MCC","EAST GEORGIA REGIONAL MEDICAL CENTER","1499 FAIR ROAD","STATESBORO","GA",30458,"GA - Savannah",11,"$55615.63","$7567.45","$6650.00"
"2322",110075,"EAST GEORGIA REGIONAL MEDICAL CENTER","1499 FAIR ROAD
STATESBORO, GA 30458
(32.415213710000046, -81.76871553199999)","No","N","Yes","N","Does not have a Cardiac Surgery Program","Yes","N",NA,"330 - MAJOR SMALL & LARGE BOWEL PROCEDURES W CC","EAST GEORGIA REGIONAL MEDICAL CENTER","1499 FAIR ROAD","STATESBORO","GA",30458,"GA - Savannah",17,"$83316.88","$16597.88","$15604.70"
"2328",110075,"EAST GEORGIA REGIONAL MEDICAL CENTER","1499 FAIR ROAD
STATESBORO, GA 30458
(32.415213710000046, -81.76871553199999)","No","N","Yes","N","Does not have a Cardiac Surgery Program","Yes","N",NA,"243 - PERMANENT CARDIAC PACEMAKER IMPLANT W CC","EAST GEORGIA REGIONAL MEDICAL CENTER","1499 FAIR ROAD","STATESBORO","GA",30458,"GA - Savannah",12,"$74841.91","$17087.66","$16147.00"
"2344",110076,"DEKALB MEDICAL CENTER","2701 N DECATUR ROAD
DECATUR, GA 30033
(33.79197269800005, -84.28361898899999)","Yes","N","Yes","Y","Does not have a Cardiac Surgery Program","Yes","N",NA,"329 - MAJOR SMALL & LARGE BOWEL PROCEDURES W MCC","DEKALB MEDICAL CENTER","2701 N DECATUR ROAD","DECATUR","GA",30033,"GA - Atlanta",29,"$95180.13","$37607.10","$36715.96"
"2349",110076,"DEKALB MEDICAL CENTER","2701 N DECATUR ROAD
DECATUR, GA 30033
(33.79197269800005, -84.28361898899999)","Yes","N","Yes","Y","Does not have a Cardiac Surgery Program","Yes","N",NA,"252 - OTHER VASCULAR PROCEDURES W MCC","DEKALB MEDICAL CENTER","2701 N DECATUR ROAD","DECATUR","GA",30033,"GA - Atlanta",53,"$57483.64","$21507.45","$20791.81"
"2376",110076,"DEKALB MEDICAL CENTER","2701 N DECATUR ROAD
DECATUR, GA 30033
(33.79197269800005, -84.28361898899999)","Yes","N","Yes","Y","Does not have a Cardiac Surgery Program","Yes","N",NA,"247 - PERC CARDIOVASC PROC W DRUG-ELUTING STENT W/O MCC","DEKALB MEDICAL CENTER","2701 N DECATUR ROAD","DECATUR","GA",30033,"GA - Atlanta",12,"$40083.50","$14022.83","$11361.08"
"2378",110076,"DEKALB MEDICAL CENTER","2701 N DECATUR ROAD
DECATUR, GA 30033
(33.79197269800005, -84.28361898899999)","Yes","N","Yes","Y","Does not have a Cardiac Surgery Program","Yes","N",NA,"253 - OTHER VASCULAR PROCEDURES W CC","DEKALB MEDICAL CENTER","2701 N DECATUR ROAD","DECATUR","GA",30033,"GA - Atlanta",34,"$60414.41","$16999.52","$16175.61"
"2380",110076,"DEKALB MEDICAL CENTER","2701 N DECATUR ROAD
DECATUR, GA 30033
(33.79197269800005, -84.28361898899999)","Yes","N","Yes","Y","Does not have a Cardiac Surgery Program","Yes","N",NA,"238 - MAJOR CARDIOVASC PROCEDURES W/O MCC","DEKALB MEDICAL CENTER","2701 N DECATUR ROAD","DECATUR","GA",30033,"GA - Atlanta",12,"$80006.00","$22179.75","$21241.75"
"2420",110076,"DEKALB MEDICAL CENTER","2701 N DECATUR ROAD
DECATUR, GA 30033
(33.79197269800005, -84.28361898899999)","Yes","N","Yes","Y","Does not have a Cardiac Surgery Program","Yes","N",NA,"330 - MAJOR SMALL & LARGE BOWEL PROCEDURES W CC","DEKALB MEDICAL CENTER","2701 N DECATUR ROAD","DECATUR","GA",30033,"GA - Atlanta",37,"$46772.02","$18099.16","$16946.29"
"2426",110078,"EMORY UNIVERSITY HOSPITAL MIDTOWN","550 PEACHTREE ST NE
ATLANTA, GA 30308
(33.76952665500005, -84.38517962799995)","Yes","Y","Yes","Y","Y","Yes","N",NA,"249 - PERC CARDIOVASC PROC W NON-DRUG-ELUTING STENT W/O MCC","EMORY UNIVERSITY HOSPITAL MIDTOWN","550 PEACHTREE ST NE","ATLANTA","GA",30308,"GA - Atlanta",61,"$35139.54","$12525.67","$11367.49"
"2429",110078,"EMORY UNIVERSITY HOSPITAL MIDTOWN","550 PEACHTREE ST NE
ATLANTA, GA 30308
(33.76952665500005, -84.38517962799995)","Yes","Y","Yes","Y","Y","Yes","N",NA,"252 - OTHER VASCULAR PROCEDURES W MCC","EMORY UNIVERSITY HOSPITAL MIDTOWN","550 PEACHTREE ST NE","ATLANTA","GA",30308,"GA - Atlanta",91,"$40921.95","$21212.65","$20308.31"
"2437",110078,"EMORY UNIVERSITY HOSPITAL MIDTOWN","550 PEACHTREE ST NE
ATLANTA, GA 30308
(33.76952665500005, -84.38517962799995)","Yes","Y","Yes","Y","Y","Yes","N",NA,"253 - OTHER VASCULAR PROCEDURES W CC","EMORY UNIVERSITY HOSPITAL MIDTOWN","550 PEACHTREE ST NE","ATLANTA","GA",30308,"GA - Atlanta",25,"$48437.16","$17341.68","$14659.84"
"2444",110078,"EMORY UNIVERSITY HOSPITAL MIDTOWN","550 PEACHTREE ST NE
ATLANTA, GA 30308
(33.76952665500005, -84.38517962799995)","Yes","Y","Yes","Y","Y","Yes","N",NA,"329 - MAJOR SMALL & LARGE BOWEL PROCEDURES W MCC","EMORY UNIVERSITY HOSPITAL MIDTOWN","550 PEACHTREE ST NE","ATLANTA","GA",30308,"GA - Atlanta",21,"$100781.38","$39523.57","$38770.38"
"2456",110078,"EMORY UNIVERSITY HOSPITAL MIDTOWN","550 PEACHTREE ST NE
ATLANTA, GA 30308
(33.76952665500005, -84.38517962799995)","Yes","Y","Yes","Y","Y","Yes","N",NA,"246 - PERC CARDIOVASC PROC W DRUG-ELUTING STENT W MCC OR 4+ VESSELS/STENTS","EMORY UNIVERSITY HOSPITAL MIDTOWN","550 PEACHTREE ST NE","ATLANTA","GA",30308,"GA - Atlanta",20,"$54979.20","$21827.70","$19592.10"
"2468",110078,"EMORY UNIVERSITY HOSPITAL MIDTOWN","550 PEACHTREE ST NE
ATLANTA, GA 30308
(33.76952665500005, -84.38517962799995)","Yes","Y","Yes","Y","Y","Yes","N",NA,"243 - PERMANENT CARDIAC PACEMAKER IMPLANT W CC","EMORY UNIVERSITY HOSPITAL MIDTOWN","550 PEACHTREE ST NE","ATLANTA","GA",30308,"GA - Atlanta",26,"$32947.03","$18526.23","$17835.76"
"2470",110078,"EMORY UNIVERSITY HOSPITAL MIDTOWN","550 PEACHTREE ST NE
ATLANTA, GA 30308
(33.76952665500005, -84.38517962799995)","Yes","Y","Yes","Y","Y","Yes","N",NA,"247 - PERC CARDIOVASC PROC W DRUG-ELUTING STENT W/O MCC","EMORY UNIVERSITY HOSPITAL MIDTOWN","550 PEACHTREE ST NE","ATLANTA","GA",30308,"GA - Atlanta",51,"$38415.23","$14314.41","$11993.56"
"2472",110078,"EMORY UNIVERSITY HOSPITAL MIDTOWN","550 PEACHTREE ST NE
ATLANTA, GA 30308
(33.76952665500005, -84.38517962799995)","Yes","Y","Yes","Y","Y","Yes","N",NA,"330 - MAJOR SMALL & LARGE BOWEL PROCEDURES W CC","EMORY UNIVERSITY HOSPITAL MIDTOWN","550 PEACHTREE ST NE","ATLANTA","GA",30308,"GA - Atlanta",31,"$63937.32","$19264.96","$17631.93"
"2477",110078,"EMORY UNIVERSITY HOSPITAL MIDTOWN","550 PEACHTREE ST NE
ATLANTA, GA 30308
(33.76952665500005, -84.38517962799995)","Yes","Y","Yes","Y","Y","Yes","N",NA,"244 - PERMANENT CARDIAC PACEMAKER IMPLANT W/O CC/MCC","EMORY UNIVERSITY HOSPITAL MIDTOWN","550 PEACHTREE ST NE","ATLANTA","GA",30308,"GA - Atlanta",25,"$20887.08","$14268.08","$13367.60"
"2487",110078,"EMORY UNIVERSITY HOSPITAL MIDTOWN","550 PEACHTREE ST NE
ATLANTA, GA 30308
(33.76952665500005, -84.38517962799995)","Yes","Y","Yes","Y","Y","Yes","N",NA,"254 - OTHER VASCULAR PROCEDURES W/O CC/MCC","EMORY UNIVERSITY HOSPITAL MIDTOWN","550 PEACHTREE ST NE","ATLANTA","GA",30308,"GA - Atlanta",18,"$35287.66","$11856.22","$9744.55"
"2492",110078,"EMORY UNIVERSITY HOSPITAL MIDTOWN","550 PEACHTREE ST NE
ATLANTA, GA 30308
(33.76952665500005, -84.38517962799995)","Yes","Y","Yes","Y","Y","Yes","N",NA,"251 - PERC CARDIOVASC PROC W/O CORONARY ARTERY STENT W/O MCC","EMORY UNIVERSITY HOSPITAL MIDTOWN","550 PEACHTREE ST NE","ATLANTA","GA",30308,"GA - Atlanta",59,"$41966.77","$12858.33","$11125.93"
"2494",110078,"EMORY UNIVERSITY HOSPITAL MIDTOWN","550 PEACHTREE ST NE
ATLANTA, GA 30308
(33.76952665500005, -84.38517962799995)","Yes","Y","Yes","Y","Y","Yes","N",NA,"238 - MAJOR CARDIOVASC PROCEDURES W/O MCC","EMORY UNIVERSITY HOSPITAL MIDTOWN","550 PEACHTREE ST NE","ATLANTA","GA",30308,"GA - Atlanta",17,"$55870.47","$22968.17","$19868.94"
"2542",110079,"GRADY MEMORIAL HOSPITAL","80 JESSE HILL, JR DRIVE SE
ATLANTA, GA 30303
(33.751686637000034, -84.38308915799996)","Yes","Y","Yes","Y","Y","Yes","Y",NA,"330 - MAJOR SMALL & LARGE BOWEL PROCEDURES W CC","GRADY MEMORIAL HOSPITAL","80 JESSE HILL, JR DRIVE SE","ATLANTA","GA",30303,"GA - Atlanta",11,"$130109.27","$25425.18","$24501.90"
"2585",110082,"SAINT JOSEPH'S HOSPITAL OF ATLANTA, INC","5665 PEACHTREE DUNWOODY ROAD
ATLANTA, GA 30342
(33.90823678100003, -84.35184213799994)","Yes","Y","No","Y","Y","Yes","N",NA,"247 - PERC CARDIOVASC PROC W DRUG-ELUTING STENT W/O MCC","SAINT JOSEPH'S HOSPITAL OF ATLANTA, INC","5665 PEACHTREE DUNWOODY ROAD","ATLANTA","GA",30342,"GA - Atlanta",97,"$48243.46","$10925.85","$9357.01"
"2587",110082,"SAINT JOSEPH'S HOSPITAL OF ATLANTA, INC","5665 PEACHTREE DUNWOODY ROAD
ATLANTA, GA 30342
(33.90823678100003, -84.35184213799994)","Yes","Y","No","Y","Y","Yes","N",NA,"253 - OTHER VASCULAR PROCEDURES W CC","SAINT JOSEPH'S HOSPITAL OF ATLANTA, INC","5665 PEACHTREE DUNWOODY ROAD","ATLANTA","GA",30342,"GA - Atlanta",63,"$39384.46","$13343.14","$12185.69"
"2593",110082,"SAINT JOSEPH'S HOSPITAL OF ATLANTA, INC","5665 PEACHTREE DUNWOODY ROAD
ATLANTA, GA 30342
(33.90823678100003, -84.35184213799994)","Yes","Y","No","Y","Y","Yes","N",NA,"243 - PERMANENT CARDIAC PACEMAKER IMPLANT W CC","SAINT JOSEPH'S HOSPITAL OF ATLANTA, INC","5665 PEACHTREE DUNWOODY ROAD","ATLANTA","GA",30342,"GA - Atlanta",35,"$57145.00","$14952.82","$13664.28"
"2627",110082,"SAINT JOSEPH'S HOSPITAL OF ATLANTA, INC","5665 PEACHTREE DUNWOODY ROAD
ATLANTA, GA 30342
(33.90823678100003, -84.35184213799994)","Yes","Y","No","Y","Y","Yes","N",NA,"329 - MAJOR SMALL & LARGE BOWEL PROCEDURES W MCC","SAINT JOSEPH'S HOSPITAL OF ATLANTA, INC","5665 PEACHTREE DUNWOODY ROAD","ATLANTA","GA",30342,"GA - Atlanta",45,"$132877.28","$35501.82","$33874.82"
"2629",110082,"SAINT JOSEPH'S HOSPITAL OF ATLANTA, INC","5665 PEACHTREE DUNWOODY ROAD
ATLANTA, GA 30342
(33.90823678100003, -84.35184213799994)","Yes","Y","No","Y","Y","Yes","N",NA,"252 - OTHER VASCULAR PROCEDURES W MCC","SAINT JOSEPH'S HOSPITAL OF ATLANTA, INC","5665 PEACHTREE DUNWOODY ROAD","ATLANTA","GA",30342,"GA - Atlanta",59,"$51922.91","$16847.83","$16036.76"
"2639",110082,"SAINT JOSEPH'S HOSPITAL OF ATLANTA, INC","5665 PEACHTREE DUNWOODY ROAD
ATLANTA, GA 30342
(33.90823678100003, -84.35184213799994)","Yes","Y","No","Y","Y","Yes","N",NA,"249 - PERC CARDIOVASC PROC W NON-DRUG-ELUTING STENT W/O MCC","SAINT JOSEPH'S HOSPITAL OF ATLANTA, INC","5665 PEACHTREE DUNWOODY ROAD","ATLANTA","GA",30342,"GA - Atlanta",52,"$41141.05","$9762.59","$8252.13"
"2641",110082,"SAINT JOSEPH'S HOSPITAL OF ATLANTA, INC","5665 PEACHTREE DUNWOODY ROAD
ATLANTA, GA 30342
(33.90823678100003, -84.35184213799994)","Yes","Y","No","Y","Y","Yes","N",NA,"244 - PERMANENT CARDIAC PACEMAKER IMPLANT W/O CC/MCC","SAINT JOSEPH'S HOSPITAL OF ATLANTA, INC","5665 PEACHTREE DUNWOODY ROAD","ATLANTA","GA",30342,"GA - Atlanta",30,"$46116.36","$11529.93","$10100.40"
"2643",110082,"SAINT JOSEPH'S HOSPITAL OF ATLANTA, INC","5665 PEACHTREE DUNWOODY ROAD
ATLANTA, GA 30342
(33.90823678100003, -84.35184213799994)","Yes","Y","No","Y","Y","Yes","N",NA,"251 - PERC CARDIOVASC PROC W/O CORONARY ARTERY STENT W/O MCC","SAINT JOSEPH'S HOSPITAL OF ATLANTA, INC","5665 PEACHTREE DUNWOODY ROAD","ATLANTA","GA",30342,"GA - Atlanta",23,"$55696.00","$11249.69","$10370.73"
"2644",110082,"SAINT JOSEPH'S HOSPITAL OF ATLANTA, INC","5665 PEACHTREE DUNWOODY ROAD
ATLANTA, GA 30342
(33.90823678100003, -84.35184213799994)","Yes","Y","No","Y","Y","Yes","N",NA,"246 - PERC CARDIOVASC PROC W DRUG-ELUTING STENT W MCC OR 4+ VESSELS/STENTS","SAINT JOSEPH'S HOSPITAL OF ATLANTA, INC","5665 PEACHTREE DUNWOODY ROAD","ATLANTA","GA",30342,"GA - Atlanta",30,"$65344.13","$17267.33","$16371.33"
"2648",110082,"SAINT JOSEPH'S HOSPITAL OF ATLANTA, INC","5665 PEACHTREE DUNWOODY ROAD
ATLANTA, GA 30342
(33.90823678100003, -84.35184213799994)","Yes","Y","No","Y","Y","Yes","N",NA,"238 - MAJOR CARDIOVASC PROCEDURES W/O MCC","SAINT JOSEPH'S HOSPITAL OF ATLANTA, INC","5665 PEACHTREE DUNWOODY ROAD","ATLANTA","GA",30342,"GA - Atlanta",104,"$59853.18","$17036.42","$16106.50"
"2650",110082,"SAINT JOSEPH'S HOSPITAL OF ATLANTA, INC","5665 PEACHTREE DUNWOODY ROAD
ATLANTA, GA 30342
(33.90823678100003, -84.35184213799994)","Yes","Y","No","Y","Y","Yes","N",NA,"330 - MAJOR SMALL & LARGE BOWEL PROCEDURES W CC","SAINT JOSEPH'S HOSPITAL OF ATLANTA, INC","5665 PEACHTREE DUNWOODY ROAD","ATLANTA","GA",30342,"GA - Atlanta",80,"$40288.48","$14332.51","$12724.80"
"2651",110082,"SAINT JOSEPH'S HOSPITAL OF ATLANTA, INC","5665 PEACHTREE DUNWOODY ROAD
ATLANTA, GA 30342
(33.90823678100003, -84.35184213799994)","Yes","Y","No","Y","Y","Yes","N",NA,"254 - OTHER VASCULAR PROCEDURES W/O CC/MCC","SAINT JOSEPH'S HOSPITAL OF ATLANTA, INC","5665 PEACHTREE DUNWOODY ROAD","ATLANTA","GA",30342,"GA - Atlanta",46,"$26880.28","$8770.36","$7841.50"
"2665",110082,"SAINT JOSEPH'S HOSPITAL OF ATLANTA, INC","5665 PEACHTREE DUNWOODY ROAD
ATLANTA, GA 30342
(33.90823678100003, -84.35184213799994)","Yes","Y","No","Y","Y","Yes","N",NA,"418 - LAPAROSCOPIC CHOLECYSTECTOMY W/O C.D.E. W CC","SAINT JOSEPH'S HOSPITAL OF ATLANTA, INC","5665 PEACHTREE DUNWOODY ROAD","ATLANTA","GA",30342,"GA - Atlanta",17,"$31427.00","$9236.47","$8444.94"
"2676",110083,"PIEDMONT HOSPITAL","1968 PEACHTREE RD NW
ATLANTA, GA 30309
(33.808178389000034, -84.39365153199998)","No","Y","Yes","Y","Y","Yes","Y","Y","329 - MAJOR SMALL & LARGE BOWEL PROCEDURES W MCC","PIEDMONT HOSPITAL","1968 PEACHTREE RD NW","ATLANTA","GA",30309,"GA - Atlanta",31,"$144405.16","$37438.83","$36489.67"
"2683",110083,"PIEDMONT HOSPITAL","1968 PEACHTREE RD NW
ATLANTA, GA 30309
(33.808178389000034, -84.39365153199998)","No","Y","Yes","Y","Y","Yes","Y","Y","246 - PERC CARDIOVASC PROC W DRUG-ELUTING STENT W MCC OR 4+ VESSELS/STENTS","PIEDMONT HOSPITAL","1968 PEACHTREE RD NW","ATLANTA","GA",30309,"GA - Atlanta",97,"$80493.57","$18797.71","$16341.93"
"2687",110083,"PIEDMONT HOSPITAL","1968 PEACHTREE RD NW
ATLANTA, GA 30309
(33.808178389000034, -84.39365153199998)","No","Y","Yes","Y","Y","Yes","Y","Y","253 - OTHER VASCULAR PROCEDURES W CC","PIEDMONT HOSPITAL","1968 PEACHTREE RD NW","ATLANTA","GA",30309,"GA - Atlanta",39,"$63331.43","$14540.43","$12368.10"
"2692",110083,"PIEDMONT HOSPITAL","1968 PEACHTREE RD NW
ATLANTA, GA 30309
(33.808178389000034, -84.39365153199998)","No","Y","Yes","Y","Y","Yes","Y","Y","249 - PERC CARDIOVASC PROC W NON-DRUG-ELUTING STENT W/O MCC","PIEDMONT HOSPITAL","1968 PEACHTREE RD NW","ATLANTA","GA",30309,"GA - Atlanta",46,"$50791.65","$9984.23","$8685.28"
"2699",110083,"PIEDMONT HOSPITAL","1968 PEACHTREE RD NW
ATLANTA, GA 30309
(33.808178389000034, -84.39365153199998)","No","Y","Yes","Y","Y","Yes","Y","Y","244 - PERMANENT CARDIAC PACEMAKER IMPLANT W/O CC/MCC","PIEDMONT HOSPITAL","1968 PEACHTREE RD NW","ATLANTA","GA",30309,"GA - Atlanta",49,"$42394.32","$11514.12","$10058.04"
"2701",110083,"PIEDMONT HOSPITAL","1968 PEACHTREE RD NW
ATLANTA, GA 30309
(33.808178389000034, -84.39365153199998)","No","Y","Yes","Y","Y","Yes","Y","Y","243 - PERMANENT CARDIAC PACEMAKER IMPLANT W CC","PIEDMONT HOSPITAL","1968 PEACHTREE RD NW","ATLANTA","GA",30309,"GA - Atlanta",64,"$51051.35","$14471.87","$13645.06"
"2706",110083,"PIEDMONT HOSPITAL","1968 PEACHTREE RD NW
ATLANTA, GA 30309
(33.808178389000034, -84.39365153199998)","No","Y","Yes","Y","Y","Yes","Y","Y","247 - PERC CARDIOVASC PROC W DRUG-ELUTING STENT W/O MCC","PIEDMONT HOSPITAL","1968 PEACHTREE RD NW","ATLANTA","GA",30309,"GA - Atlanta",358,"$54755.27","$11248.98","$9614.14"
"2710",110083,"PIEDMONT HOSPITAL","1968 PEACHTREE RD NW
ATLANTA, GA 30309
(33.808178389000034, -84.39365153199998)","No","Y","Yes","Y","Y","Yes","Y","Y","252 - OTHER VASCULAR PROCEDURES W MCC","PIEDMONT HOSPITAL","1968 PEACHTREE RD NW","ATLANTA","GA",30309,"GA - Atlanta",69,"$73008.78","$18614.20","$17130.17"
"2726",110083,"PIEDMONT HOSPITAL","1968 PEACHTREE RD NW
ATLANTA, GA 30309
(33.808178389000034, -84.39365153199998)","No","Y","Yes","Y","Y","Yes","Y","Y","238 - MAJOR CARDIOVASC PROCEDURES W/O MCC","PIEDMONT HOSPITAL","1968 PEACHTREE RD NW","ATLANTA","GA",30309,"GA - Atlanta",40,"$82765.95","$19576.00","$17182.60"
"2742",110083,"PIEDMONT HOSPITAL","1968 PEACHTREE RD NW
ATLANTA, GA 30309
(33.808178389000034, -84.39365153199998)","No","Y","Yes","Y","Y","Yes","Y","Y","330 - MAJOR SMALL & LARGE BOWEL PROCEDURES W CC","PIEDMONT HOSPITAL","1968 PEACHTREE RD NW","ATLANTA","GA",30309,"GA - Atlanta",60,"$58812.66","$14709.28","$12000.03"
"2746",110083,"PIEDMONT HOSPITAL","1968 PEACHTREE RD NW
ATLANTA, GA 30309
(33.808178389000034, -84.39365153199998)","No","Y","Yes","Y","Y","Yes","Y","Y","251 - PERC CARDIOVASC PROC W/O CORONARY ARTERY STENT W/O MCC","PIEDMONT HOSPITAL","1968 PEACHTREE RD NW","ATLANTA","GA",30309,"GA - Atlanta",111,"$65874.23","$10320.64","$8925.43"
"2749",110083,"PIEDMONT HOSPITAL","1968 PEACHTREE RD NW
ATLANTA, GA 30309
(33.808178389000034, -84.39365153199998)","No","Y","Yes","Y","Y","Yes","Y","Y","418 - LAPAROSCOPIC CHOLECYSTECTOMY W/O C.D.E. W CC","PIEDMONT HOSPITAL","1968 PEACHTREE RD NW","ATLANTA","GA",30309,"GA - Atlanta",13,"$50359.30","$10224.07","$8194.15"
"2756",110083,"PIEDMONT HOSPITAL","1968 PEACHTREE RD NW
ATLANTA, GA 30309
(33.808178389000034, -84.39365153199998)","No","Y","Yes","Y","Y","Yes","Y","Y","254 - OTHER VASCULAR PROCEDURES W/O CC/MCC","PIEDMONT HOSPITAL","1968 PEACHTREE RD NW","ATLANTA","GA",30309,"GA - Atlanta",32,"$41159.81","$8865.50","$7768.62"
"2776",110087,"GWINNETT MEDICAL CENTER","1000 MEDICAL CENTER BOULEVARD
LAWRENCEVILLE, GA 30045
(33.96447384900006, -84.01469902699995)","Yes","Y","Yes","Y","Y","Yes","N",NA,"243 - PERMANENT CARDIAC PACEMAKER IMPLANT W CC","GWINNETT MEDICAL CENTER","1000 MEDICAL CENTER BOULEVARD","LAWRENCEVILLE","GA",30045,"GA - Atlanta",24,"$30090.16","$17322.62","$14340.33"
"2790",110087,"GWINNETT MEDICAL CENTER","1000 MEDICAL CENTER BOULEVARD
LAWRENCEVILLE, GA 30045
(33.96447384900006, -84.01469902699995)","Yes","Y","Yes","Y","Y","Yes","N",NA,"247 - PERC CARDIOVASC PROC W DRUG-ELUTING STENT W/O MCC","GWINNETT MEDICAL CENTER","1000 MEDICAL CENTER BOULEVARD","LAWRENCEVILLE","GA",30045,"GA - Atlanta",52,"$43467.75","$12413.11","$10327.53"
"2791",110087,"GWINNETT MEDICAL CENTER","1000 MEDICAL CENTER BOULEVARD
LAWRENCEVILLE, GA 30045
(33.96447384900006, -84.01469902699995)","Yes","Y","Yes","Y","Y","Yes","N",NA,"253 - OTHER VASCULAR PROCEDURES W CC","GWINNETT MEDICAL CENTER","1000 MEDICAL CENTER BOULEVARD","LAWRENCEVILLE","GA",30045,"GA - Atlanta",36,"$42304.19","$15055.02","$13785.83"
"2802",110087,"GWINNETT MEDICAL CENTER","1000 MEDICAL CENTER BOULEVARD
LAWRENCEVILLE, GA 30045
(33.96447384900006, -84.01469902699995)","Yes","Y","Yes","Y","Y","Yes","N",NA,"329 - MAJOR SMALL & LARGE BOWEL PROCEDURES W MCC","GWINNETT MEDICAL CENTER","1000 MEDICAL CENTER BOULEVARD","LAWRENCEVILLE","GA",30045,"GA - Atlanta",31,"$70975.64","$31577.03","$30742.35"
"2808",110087,"GWINNETT MEDICAL CENTER","1000 MEDICAL CENTER BOULEVARD
LAWRENCEVILLE, GA 30045
(33.96447384900006, -84.01469902699995)","Yes","Y","Yes","Y","Y","Yes","N",NA,"419 - LAPAROSCOPIC CHOLECYSTECTOMY W/O C.D.E. W/O CC/MCC","GWINNETT MEDICAL CENTER","1000 MEDICAL CENTER BOULEVARD","LAWRENCEVILLE","GA",30045,"GA - Atlanta",15,"$34421.26","$7095.13","$5965.13"
"2818",110087,"GWINNETT MEDICAL CENTER","1000 MEDICAL CENTER BOULEVARD
LAWRENCEVILLE, GA 30045
(33.96447384900006, -84.01469902699995)","Yes","Y","Yes","Y","Y","Yes","N",NA,"244 - PERMANENT CARDIAC PACEMAKER IMPLANT W/O CC/MCC","GWINNETT MEDICAL CENTER","1000 MEDICAL CENTER BOULEVARD","LAWRENCEVILLE","GA",30045,"GA - Atlanta",21,"$24686.80","$13388.80","$10567.09"
"2823",110087,"GWINNETT MEDICAL CENTER","1000 MEDICAL CENTER BOULEVARD
LAWRENCEVILLE, GA 30045
(33.96447384900006, -84.01469902699995)","Yes","Y","Yes","Y","Y","Yes","N",NA,"238 - MAJOR CARDIOVASC PROCEDURES W/O MCC","GWINNETT MEDICAL CENTER","1000 MEDICAL CENTER BOULEVARD","LAWRENCEVILLE","GA",30045,"GA - Atlanta",27,"$60730.07","$19517.59","$17738.22"
"2832",110087,"GWINNETT MEDICAL CENTER","1000 MEDICAL CENTER BOULEVARD
LAWRENCEVILLE, GA 30045
(33.96447384900006, -84.01469902699995)","Yes","Y","Yes","Y","Y","Yes","N",NA,"418 - LAPAROSCOPIC CHOLECYSTECTOMY W/O C.D.E. W CC","GWINNETT MEDICAL CENTER","1000 MEDICAL CENTER BOULEVARD","LAWRENCEVILLE","GA",30045,"GA - Atlanta",32,"$33875.75","$12574.34","$9447.03"
"2834",110087,"GWINNETT MEDICAL CENTER","1000 MEDICAL CENTER BOULEVARD
LAWRENCEVILLE, GA 30045
(33.96447384900006, -84.01469902699995)","Yes","Y","Yes","Y","Y","Yes","N",NA,"252 - OTHER VASCULAR PROCEDURES W MCC","GWINNETT MEDICAL CENTER","1000 MEDICAL CENTER BOULEVARD","LAWRENCEVILLE","GA",30045,"GA - Atlanta",34,"$59315.55","$20511.38","$19628.26"
"2841",110087,"GWINNETT MEDICAL CENTER","1000 MEDICAL CENTER BOULEVARD
LAWRENCEVILLE, GA 30045
(33.96447384900006, -84.01469902699995)","Yes","Y","Yes","Y","Y","Yes","N",NA,"249 - PERC CARDIOVASC PROC W NON-DRUG-ELUTING STENT W/O MCC","GWINNETT MEDICAL CENTER","1000 MEDICAL CENTER BOULEVARD","LAWRENCEVILLE","GA",30045,"GA - Atlanta",18,"$39016.83","$11430.77","$9154.94"
"2852",110087,"GWINNETT MEDICAL CENTER","1000 MEDICAL CENTER BOULEVARD
LAWRENCEVILLE, GA 30045
(33.96447384900006, -84.01469902699995)","Yes","Y","Yes","Y","Y","Yes","N",NA,"254 - OTHER VASCULAR PROCEDURES W/O CC/MCC","GWINNETT MEDICAL CENTER","1000 MEDICAL CENTER BOULEVARD","LAWRENCEVILLE","GA",30045,"GA - Atlanta",19,"$40369.94","$10093.78","$9086.00"
"2862",110087,"GWINNETT MEDICAL CENTER","1000 MEDICAL CENTER BOULEVARD
LAWRENCEVILLE, GA 30045
(33.96447384900006, -84.01469902699995)","Yes","Y","Yes","Y","Y","Yes","N",NA,"330 - MAJOR SMALL & LARGE BOWEL PROCEDURES W CC","GWINNETT MEDICAL CENTER","1000 MEDICAL CENTER BOULEVARD","LAWRENCEVILLE","GA",30045,"GA - Atlanta",49,"$44284.46","$16980.95","$13213.32"
"2902",110089,"COFFEE REGIONAL MEDICAL CENTER","1101 OCILLA ROAD
DOUGLAS, GA 31533
(31.509645789000047, -82.86349945099994)","Yes","N","No","Y","Does not have a Cardiac Surgery Program","Yes","N",NA,"419 - LAPAROSCOPIC CHOLECYSTECTOMY W/O C.D.E. W/O CC/MCC","COFFEE REGIONAL MEDICAL CENTER","1101 OCILLA ROAD","DOUGLAS","GA",31533,"FL - Jacksonville",12,"$25076.91","$6233.00","$5208.66"
"2923",110091,"ROCKDALE MEDICAL CENTER","1412 MILSTEAD AVENUE, NE
CONYERS, GA 30012
(33.681579491000036, -84.00298075299997)","Yes","N","Yes","N","Does not have a Cardiac Surgery Program","Yes","N",NA,"252 - OTHER VASCULAR PROCEDURES W MCC","ROCKDALE MEDICAL CENTER","1412 MILSTEAD AVENUE, NE","CONYERS","GA",30012,"GA - Atlanta",26,"$53983.88","$19630.26","$18568.50"
"2930",110091,"ROCKDALE MEDICAL CENTER","1412 MILSTEAD AVENUE, NE
CONYERS, GA 30012
(33.681579491000036, -84.00298075299997)","Yes","N","Yes","N","Does not have a Cardiac Surgery Program","Yes","N",NA,"253 - OTHER VASCULAR PROCEDURES W CC","ROCKDALE MEDICAL CENTER","1412 MILSTEAD AVENUE, NE","CONYERS","GA",30012,"GA - Atlanta",19,"$63308.05","$15974.31","$15209.84"
"2940",110091,"ROCKDALE MEDICAL CENTER","1412 MILSTEAD AVENUE, NE
CONYERS, GA 30012
(33.681579491000036, -84.00298075299997)","Yes","N","Yes","N","Does not have a Cardiac Surgery Program","Yes","N",NA,"330 - MAJOR SMALL & LARGE BOWEL PROCEDURES W CC","ROCKDALE MEDICAL CENTER","1412 MILSTEAD AVENUE, NE","CONYERS","GA",30012,"GA - Atlanta",16,"$42970.62","$17039.31","$16054.81"
"2968",110091,"ROCKDALE MEDICAL CENTER","1412 MILSTEAD AVENUE, NE
CONYERS, GA 30012
(33.681579491000036, -84.00298075299997)","Yes","N","Yes","N","Does not have a Cardiac Surgery Program","Yes","N",NA,"254 - OTHER VASCULAR PROCEDURES W/O CC/MCC","ROCKDALE MEDICAL CENTER","1412 MILSTEAD AVENUE, NE","CONYERS","GA",30012,"GA - Atlanta",18,"$52978.88","$10630.44","$9816.44"
"3005",110095,"TIFT REGIONAL MEDICAL CENTER","901 E 18TH STREET
TIFTON, GA 31793
(31.45775049300005, -83.56148719099997)","No","N","No","N","Does not have a Cardiac Surgery Program","Yes","N",NA,"419 - LAPAROSCOPIC CHOLECYSTECTOMY W/O C.D.E. W/O CC/MCC","TIFT REGIONAL MEDICAL CENTER","901 E 18TH STREET","TIFTON","GA",31793,"FL - Tallahassee",14,"$26961.50","$6949.00","$5828.42"
"3008",110095,"TIFT REGIONAL MEDICAL CENTER","901 E 18TH STREET
TIFTON, GA 31793
(31.45775049300005, -83.56148719099997)","No","N","No","N","Does not have a Cardiac Surgery Program","Yes","N",NA,"252 - OTHER VASCULAR PROCEDURES W MCC","TIFT REGIONAL MEDICAL CENTER","901 E 18TH STREET","TIFTON","GA",31793,"FL - Tallahassee",22,"$55913.77","$17912.95","$17195.54"
"3014",110095,"TIFT REGIONAL MEDICAL CENTER","901 E 18TH STREET
TIFTON, GA 31793
(31.45775049300005, -83.56148719099997)","No","N","No","N","Does not have a Cardiac Surgery Program","Yes","N",NA,"253 - OTHER VASCULAR PROCEDURES W CC","TIFT REGIONAL MEDICAL CENTER","901 E 18TH STREET","TIFTON","GA",31793,"FL - Tallahassee",19,"$68686.89","$15830.00","$15295.42"
"3021",110095,"TIFT REGIONAL MEDICAL CENTER","901 E 18TH STREET
TIFTON, GA 31793
(31.45775049300005, -83.56148719099997)","No","N","No","N","Does not have a Cardiac Surgery Program","Yes","N",NA,"247 - PERC CARDIOVASC PROC W DRUG-ELUTING STENT W/O MCC","TIFT REGIONAL MEDICAL CENTER","901 E 18TH STREET","TIFTON","GA",31793,"FL - Tallahassee",25,"$53832.12","$11609.48","$10613.32"
"3033",110095,"TIFT REGIONAL MEDICAL CENTER","901 E 18TH STREET
TIFTON, GA 31793
(31.45775049300005, -83.56148719099997)","No","N","No","N","Does not have a Cardiac Surgery Program","Yes","N",NA,"330 - MAJOR SMALL & LARGE BOWEL PROCEDURES W CC","TIFT REGIONAL MEDICAL CENTER","901 E 18TH STREET","TIFTON","GA",31793,"FL - Tallahassee",23,"$63388.17","$18275.43","$14933.60"
"3041",110095,"TIFT REGIONAL MEDICAL CENTER","901 E 18TH STREET
TIFTON, GA 31793
(31.45775049300005, -83.56148719099997)","No","N","No","N","Does not have a Cardiac Surgery Program","Yes","N",NA,"238 - MAJOR CARDIOVASC PROCEDURES W/O MCC","TIFT REGIONAL MEDICAL CENTER","901 E 18TH STREET","TIFTON","GA",31793,"FL - Tallahassee",12,"$75035.00","$18303.58","$17362.91"
"3048",110095,"TIFT REGIONAL MEDICAL CENTER","901 E 18TH STREET
TIFTON, GA 31793
(31.45775049300005, -83.56148719099997)","No","N","No","N","Does not have a Cardiac Surgery Program","Yes","N",NA,"249 - PERC CARDIOVASC PROC W NON-DRUG-ELUTING STENT W/O MCC","TIFT REGIONAL MEDICAL CENTER","901 E 18TH STREET","TIFTON","GA",31793,"FL - Tallahassee",33,"$46398.51","$10533.93","$9855.63"
"3049",110095,"TIFT REGIONAL MEDICAL CENTER","901 E 18TH STREET
TIFTON, GA 31793
(31.45775049300005, -83.56148719099997)","No","N","No","N","Does not have a Cardiac Surgery Program","Yes","N",NA,"244 - PERMANENT CARDIAC PACEMAKER IMPLANT W/O CC/MCC","TIFT REGIONAL MEDICAL CENTER","901 E 18TH STREET","TIFTON","GA",31793,"FL - Tallahassee",22,"$42385.45","$12070.90","$11096.18"
"3059",110095,"TIFT REGIONAL MEDICAL CENTER","901 E 18TH STREET
TIFTON, GA 31793
(31.45775049300005, -83.56148719099997)","No","N","No","N","Does not have a Cardiac Surgery Program","Yes","N",NA,"329 - MAJOR SMALL & LARGE BOWEL PROCEDURES W MCC","TIFT REGIONAL MEDICAL CENTER","901 E 18TH STREET","TIFTON","GA",31793,"FL - Tallahassee",18,"$130231.50","$44598.00","$35941.83"
"3070",110095,"TIFT REGIONAL MEDICAL CENTER","901 E 18TH STREET
TIFTON, GA 31793
(31.45775049300005, -83.56148719099997)","No","N","No","N","Does not have a Cardiac Surgery Program","Yes","N",NA,"418 - LAPAROSCOPIC CHOLECYSTECTOMY W/O C.D.E. W CC","TIFT REGIONAL MEDICAL CENTER","901 E 18TH STREET","TIFTON","GA",31793,"FL - Tallahassee",21,"$32503.42","$10069.52","$9106.85"
"3073",110095,"TIFT REGIONAL MEDICAL CENTER","901 E 18TH STREET
TIFTON, GA 31793
(31.45775049300005, -83.56148719099997)","No","N","No","N","Does not have a Cardiac Surgery Program","Yes","N",NA,"254 - OTHER VASCULAR PROCEDURES W/O CC/MCC","TIFT REGIONAL MEDICAL CENTER","901 E 18TH STREET","TIFTON","GA",31793,"FL - Tallahassee",16,"$34087.31","$9599.75","$8827.50"
"3146",110105,"COLQUITT REGIONAL MEDICAL CENTER","3131 THOMASVILLE HWY BOX 40
MOULTRIE, GA 31768
(31.13724853800005, -83.78298849599997)","Yes","N","Yes","N","Does not have a Cardiac Surgery Program","Yes","N",NA,"330 - MAJOR SMALL & LARGE BOWEL PROCEDURES W CC","COLQUITT REGIONAL MEDICAL CENTER","3131 THOMASVILLE HWY BOX 40","MOULTRIE","GA",31768,"FL - Tallahassee",12,"$38811.08","$15807.50","$14866.83"
"3163",110107,"MEDICAL CENTER OF CENTRAL GEORGIA","777 HEMLOCK STREET
MACON, GA 31201
(32.83272267900003, -83.63568430499998)","Yes","Y","Yes","Y","Y","Yes","Y","Y","253 - OTHER VASCULAR PROCEDURES W CC","MEDICAL CENTER OF CENTRAL GEORGIA","777 HEMLOCK STREET","MACON","GA",31201,"GA - Macon",89,"$60434.28","$17615.86","$15869.31"
"3168",110107,"MEDICAL CENTER OF CENTRAL GEORGIA","777 HEMLOCK STREET
MACON, GA 31201
(32.83272267900003, -83.63568430499998)","Yes","Y","Yes","Y","Y","Yes","Y","Y","243 - PERMANENT CARDIAC PACEMAKER IMPLANT W CC","MEDICAL CENTER OF CENTRAL GEORGIA","777 HEMLOCK STREET","MACON","GA",31201,"GA - Macon",68,"$52754.16","$18451.27","$17624.10"
"3170",110107,"MEDICAL CENTER OF CENTRAL GEORGIA","777 HEMLOCK STREET
MACON, GA 31201
(32.83272267900003, -83.63568430499998)","Yes","Y","Yes","Y","Y","Yes","Y","Y","246 - PERC CARDIOVASC PROC W DRUG-ELUTING STENT W MCC OR 4+ VESSELS/STENTS","MEDICAL CENTER OF CENTRAL GEORGIA","777 HEMLOCK STREET","MACON","GA",31201,"GA - Macon",77,"$74962.24","$22828.15","$21144.49"
"3188",110107,"MEDICAL CENTER OF CENTRAL GEORGIA","777 HEMLOCK STREET
MACON, GA 31201
(32.83272267900003, -83.63568430499998)","Yes","Y","Yes","Y","Y","Yes","Y","Y","418 - LAPAROSCOPIC CHOLECYSTECTOMY W/O C.D.E. W CC","MEDICAL CENTER OF CENTRAL GEORGIA","777 HEMLOCK STREET","MACON","GA",31201,"GA - Macon",18,"$36200.16","$12596.38","$9657.27"
"3192",110107,"MEDICAL CENTER OF CENTRAL GEORGIA","777 HEMLOCK STREET
MACON, GA 31201
(32.83272267900003, -83.63568430499998)","Yes","Y","Yes","Y","Y","Yes","Y","Y","247 - PERC CARDIOVASC PROC W DRUG-ELUTING STENT W/O MCC","MEDICAL CENTER OF CENTRAL GEORGIA","777 HEMLOCK STREET","MACON","GA",31201,"GA - Macon",359,"$52834.92","$14071.83","$11697.98"
"3200",110107,"MEDICAL CENTER OF CENTRAL GEORGIA","777 HEMLOCK STREET
MACON, GA 31201
(32.83272267900003, -83.63568430499998)","Yes","Y","Yes","Y","Y","Yes","Y","Y","252 - OTHER VASCULAR PROCEDURES W MCC","MEDICAL CENTER OF CENTRAL GEORGIA","777 HEMLOCK STREET","MACON","GA",31201,"GA - Macon",109,"$67834.87","$21604.77","$20960.11"
"3205",110107,"MEDICAL CENTER OF CENTRAL GEORGIA","777 HEMLOCK STREET
MACON, GA 31201
(32.83272267900003, -83.63568430499998)","Yes","Y","Yes","Y","Y","Yes","Y","Y","251 - PERC CARDIOVASC PROC W/O CORONARY ARTERY STENT W/O MCC","MEDICAL CENTER OF CENTRAL GEORGIA","777 HEMLOCK STREET","MACON","GA",31201,"GA - Macon",120,"$48136.43","$13019.81","$10383.15"
"3227",110107,"MEDICAL CENTER OF CENTRAL GEORGIA","777 HEMLOCK STREET
MACON, GA 31201
(32.83272267900003, -83.63568430499998)","Yes","Y","Yes","Y","Y","Yes","Y","Y","330 - MAJOR SMALL & LARGE BOWEL PROCEDURES W CC","MEDICAL CENTER OF CENTRAL GEORGIA","777 HEMLOCK STREET","MACON","GA",31201,"GA - Macon",43,"$45023.02","$17917.88","$16304.51"
"3238",110107,"MEDICAL CENTER OF CENTRAL GEORGIA","777 HEMLOCK STREET
MACON, GA 31201
(32.83272267900003, -83.63568430499998)","Yes","Y","Yes","Y","Y","Yes","Y","Y","238 - MAJOR CARDIOVASC PROCEDURES W/O MCC","MEDICAL CENTER OF CENTRAL GEORGIA","777 HEMLOCK STREET","MACON","GA",31201,"GA - Macon",85,"$83644.60","$23010.51","$19762.21"
"3240",110107,"MEDICAL CENTER OF CENTRAL GEORGIA","777 HEMLOCK STREET
MACON, GA 31201
(32.83272267900003, -83.63568430499998)","Yes","Y","Yes","Y","Y","Yes","Y","Y","249 - PERC CARDIOVASC PROC W NON-DRUG-ELUTING STENT W/O MCC","MEDICAL CENTER OF CENTRAL GEORGIA","777 HEMLOCK STREET","MACON","GA",31201,"GA - Macon",51,"$48072.90","$12271.60","$11005.68"
"3242",110107,"MEDICAL CENTER OF CENTRAL GEORGIA","777 HEMLOCK STREET
MACON, GA 31201
(32.83272267900003, -83.63568430499998)","Yes","Y","Yes","Y","Y","Yes","Y","Y","329 - MAJOR SMALL & LARGE BOWEL PROCEDURES W MCC","MEDICAL CENTER OF CENTRAL GEORGIA","777 HEMLOCK STREET","MACON","GA",31201,"GA - Macon",36,"$136133.63","$44737.69","$43189.63"
"3247",110107,"MEDICAL CENTER OF CENTRAL GEORGIA","777 HEMLOCK STREET
MACON, GA 31201
(32.83272267900003, -83.63568430499998)","Yes","Y","Yes","Y","Y","Yes","Y","Y","244 - PERMANENT CARDIAC PACEMAKER IMPLANT W/O CC/MCC","MEDICAL CENTER OF CENTRAL GEORGIA","777 HEMLOCK STREET","MACON","GA",31201,"GA - Macon",30,"$37505.13","$14106.50","$12626.46"
"3250",110107,"MEDICAL CENTER OF CENTRAL GEORGIA","777 HEMLOCK STREET
MACON, GA 31201
(32.83272267900003, -83.63568430499998)","Yes","Y","Yes","Y","Y","Yes","Y","Y","254 - OTHER VASCULAR PROCEDURES W/O CC/MCC","MEDICAL CENTER OF CENTRAL GEORGIA","777 HEMLOCK STREET","MACON","GA",31201,"GA - Macon",33,"$35630.96","$11764.06","$9936.93"
"3302",110115,"ATLANTA MEDICAL CENTER","303 PARKWAY DR NE
ATLANTA, GA 30312
(33.76270799300005, -84.37416000699994)","Yes","Y","Yes","Y","Y","Yes","N",NA,"330 - MAJOR SMALL & LARGE BOWEL PROCEDURES W CC","ATLANTA MEDICAL CENTER","303 PARKWAY DR NE","ATLANTA","GA",30312,"GA - Atlanta",12,"$168029.91","$24036.25","$22812.58"
"3313",110115,"ATLANTA MEDICAL CENTER","303 PARKWAY DR NE
ATLANTA, GA 30312
(33.76270799300005, -84.37416000699994)","Yes","Y","Yes","Y","Y","Yes","N",NA,"252 - OTHER VASCULAR PROCEDURES W MCC","ATLANTA MEDICAL CENTER","303 PARKWAY DR NE","ATLANTA","GA",30312,"GA - Atlanta",21,"$83721.71","$23796.00","$22876.80"
"3345",110122,"SOUTH GEORGIA MEDICAL CENTER","2501 NORTH PATTERSON STREET, PO BOX 1727
VALDOSTA, GA 31603
(30.861053129000027, -83.28886503699994)","Yes","Y","Yes","Y","Y","Yes","N",NA,"247 - PERC CARDIOVASC PROC W DRUG-ELUTING STENT W/O MCC","SOUTH GEORGIA MEDICAL CENTER","2501 NORTH PATTERSON STREET, PO BOX 1727","VALDOSTA","GA",31603,"FL - Tallahassee",62,"$44154.77","$12808.79","$10312.93"
"3347",110122,"SOUTH GEORGIA MEDICAL CENTER","2501 NORTH PATTERSON STREET, PO BOX 1727
VALDOSTA, GA 31603
(30.861053129000027, -83.28886503699994)","Yes","Y","Yes","Y","Y","Yes","N",NA,"252 - OTHER VASCULAR PROCEDURES W MCC","SOUTH GEORGIA MEDICAL CENTER","2501 NORTH PATTERSON STREET, PO BOX 1727","VALDOSTA","GA",31603,"FL - Tallahassee",17,"$55116.00","$20512.29","$19624.58"
"3351",110122,"SOUTH GEORGIA MEDICAL CENTER","2501 NORTH PATTERSON STREET, PO BOX 1727
VALDOSTA, GA 31603
(30.861053129000027, -83.28886503699994)","Yes","Y","Yes","Y","Y","Yes","N",NA,"419 - LAPAROSCOPIC CHOLECYSTECTOMY W/O C.D.E. W/O CC/MCC","SOUTH GEORGIA MEDICAL CENTER","2501 NORTH PATTERSON STREET, PO BOX 1727","VALDOSTA","GA",31603,"FL - Tallahassee",13,"$18335.30","$6919.53","$5802.15"
"3357",110122,"SOUTH GEORGIA MEDICAL CENTER","2501 NORTH PATTERSON STREET, PO BOX 1727
VALDOSTA, GA 31603
(30.861053129000027, -83.28886503699994)","Yes","Y","Yes","Y","Y","Yes","N",NA,"330 - MAJOR SMALL & LARGE BOWEL PROCEDURES W CC","SOUTH GEORGIA MEDICAL CENTER","2501 NORTH PATTERSON STREET, PO BOX 1727","VALDOSTA","GA",31603,"FL - Tallahassee",23,"$44272.73","$16641.43","$14708.52"
"3376",110122,"SOUTH GEORGIA MEDICAL CENTER","2501 NORTH PATTERSON STREET, PO BOX 1727
VALDOSTA, GA 31603
(30.861053129000027, -83.28886503699994)","Yes","Y","Yes","Y","Y","Yes","N",NA,"249 - PERC CARDIOVASC PROC W NON-DRUG-ELUTING STENT W/O MCC","SOUTH GEORGIA MEDICAL CENTER","2501 NORTH PATTERSON STREET, PO BOX 1727","VALDOSTA","GA",31603,"FL - Tallahassee",16,"$44529.31","$10493.87","$9723.62"
"3384",110122,"SOUTH GEORGIA MEDICAL CENTER","2501 NORTH PATTERSON STREET, PO BOX 1727
VALDOSTA, GA 31603
(30.861053129000027, -83.28886503699994)","Yes","Y","Yes","Y","Y","Yes","N",NA,"246 - PERC CARDIOVASC PROC W DRUG-ELUTING STENT W MCC OR 4+ VESSELS/STENTS","SOUTH GEORGIA MEDICAL CENTER","2501 NORTH PATTERSON STREET, PO BOX 1727","VALDOSTA","GA",31603,"FL - Tallahassee",36,"$61517.69","$20023.86","$19227.58"
"3387",110122,"SOUTH GEORGIA MEDICAL CENTER","2501 NORTH PATTERSON STREET, PO BOX 1727
VALDOSTA, GA 31603
(30.861053129000027, -83.28886503699994)","Yes","Y","Yes","Y","Y","Yes","N",NA,"329 - MAJOR SMALL & LARGE BOWEL PROCEDURES W MCC","SOUTH GEORGIA MEDICAL CENTER","2501 NORTH PATTERSON STREET, PO BOX 1727","VALDOSTA","GA",31603,"FL - Tallahassee",21,"$69407.33","$31161.28","$30110.61"
"3395",110122,"SOUTH GEORGIA MEDICAL CENTER","2501 NORTH PATTERSON STREET, PO BOX 1727
VALDOSTA, GA 31603
(30.861053129000027, -83.28886503699994)","Yes","Y","Yes","Y","Y","Yes","N",NA,"243 - PERMANENT CARDIAC PACEMAKER IMPLANT W CC","SOUTH GEORGIA MEDICAL CENTER","2501 NORTH PATTERSON STREET, PO BOX 1727","VALDOSTA","GA",31603,"FL - Tallahassee",16,"$35396.18","$15662.06","$14715.62"
"3415",110122,"SOUTH GEORGIA MEDICAL CENTER","2501 NORTH PATTERSON STREET, PO BOX 1727
VALDOSTA, GA 31603
(30.861053129000027, -83.28886503699994)","Yes","Y","Yes","Y","Y","Yes","N",NA,"418 - LAPAROSCOPIC CHOLECYSTECTOMY W/O C.D.E. W CC","SOUTH GEORGIA MEDICAL CENTER","2501 NORTH PATTERSON STREET, PO BOX 1727","VALDOSTA","GA",31603,"FL - Tallahassee",21,"$32649.66","$11228.33","$8238.47"
"3474",110125,"FAIRVIEW PARK HOSPITAL","200 INDUSTRIAL BOULEVARD
DUBLIN, GA 31021
(32.53326843900004, -82.94933886999996)","Yes","N","Yes","Y","Does not have a Cardiac Surgery Program","Yes","N",NA,"253 - OTHER VASCULAR PROCEDURES W CC","FAIRVIEW PARK HOSPITAL","200 INDUSTRIAL BOULEVARD","DUBLIN","GA",31021,"GA - Macon",12,"$57152.08","$16281.66","$15432.66"
"3482",110125,"FAIRVIEW PARK HOSPITAL","200 INDUSTRIAL BOULEVARD
DUBLIN, GA 31021
(32.53326843900004, -82.94933886999996)","Yes","N","Yes","Y","Does not have a Cardiac Surgery Program","Yes","N",NA,"247 - PERC CARDIOVASC PROC W DRUG-ELUTING STENT W/O MCC","FAIRVIEW PARK HOSPITAL","200 INDUSTRIAL BOULEVARD","DUBLIN","GA",31021,"GA - Macon",62,"$76560.08","$15454.00","$11381.69"
"3493",110125,"FAIRVIEW PARK HOSPITAL","200 INDUSTRIAL BOULEVARD
DUBLIN, GA 31021
(32.53326843900004, -82.94933886999996)","Yes","N","Yes","Y","Does not have a Cardiac Surgery Program","Yes","N",NA,"254 - OTHER VASCULAR PROCEDURES W/O CC/MCC","FAIRVIEW PARK HOSPITAL","200 INDUSTRIAL BOULEVARD","DUBLIN","GA",31021,"GA - Macon",11,"$55025.36","$10969.00","$10351.54"
"3524",110128,"MEADOWS REGIONAL MEDICAL CENTER","ONE MEADOWS PARKWAY
VIDALIA, GA 30474
(32.208106136000026, -82.37758284899996)","No","N","Yes","Y","Does not have a Cardiac Surgery Program","Yes","N",NA,"247 - PERC CARDIOVASC PROC W DRUG-ELUTING STENT W/O MCC","MEADOWS REGIONAL MEDICAL CENTER","ONE MEADOWS PARKWAY","VIDALIA","GA",30474,"GA - Savannah",19,"$60564.36","$13841.84","$8648.21"
"3556",110129,"ST FRANCIS HOSPITAL, INC","2122 MANCHESTER EXPRESSWAY
COLUMBUS, GA 31995
(32.506894239000076, -84.96115730299994)","Yes","Y","Yes","Y","Y","Yes","N",NA,"243 - PERMANENT CARDIAC PACEMAKER IMPLANT W CC","ST FRANCIS HOSPITAL, INC","2122 MANCHESTER EXPRESSWAY","COLUMBUS","GA",31995,"GA - Columbus",23,"$42784.47","$14372.26","$13438.52"
"3564",110129,"ST FRANCIS HOSPITAL, INC","2122 MANCHESTER EXPRESSWAY
COLUMBUS, GA 31995
(32.506894239000076, -84.96115730299994)","Yes","Y","Yes","Y","Y","Yes","N",NA,"247 - PERC CARDIOVASC PROC W DRUG-ELUTING STENT W/O MCC","ST FRANCIS HOSPITAL, INC","2122 MANCHESTER EXPRESSWAY","COLUMBUS","GA",31995,"GA - Columbus",63,"$51272.46","$10856.26","$9302.74"
"3570",110129,"ST FRANCIS HOSPITAL, INC","2122 MANCHESTER EXPRESSWAY
COLUMBUS, GA 31995
(32.506894239000076, -84.96115730299994)","Yes","Y","Yes","Y","Y","Yes","N",NA,"253 - OTHER VASCULAR PROCEDURES W CC","ST FRANCIS HOSPITAL, INC","2122 MANCHESTER EXPRESSWAY","COLUMBUS","GA",31995,"GA - Columbus",17,"$38903.11","$13073.23","$11465.52"
"3588",110129,"ST FRANCIS HOSPITAL, INC","2122 MANCHESTER EXPRESSWAY
COLUMBUS, GA 31995
(32.506894239000076, -84.96115730299994)","Yes","Y","Yes","Y","Y","Yes","N",NA,"246 - PERC CARDIOVASC PROC W DRUG-ELUTING STENT W MCC OR 4+ VESSELS/STENTS","ST FRANCIS HOSPITAL, INC","2122 MANCHESTER EXPRESSWAY","COLUMBUS","GA",31995,"GA - Columbus",38,"$69263.71","$17320.76","$13980.81"
"3590",110129,"ST FRANCIS HOSPITAL, INC","2122 MANCHESTER EXPRESSWAY
COLUMBUS, GA 31995
(32.506894239000076, -84.96115730299994)","Yes","Y","Yes","Y","Y","Yes","N",NA,"418 - LAPAROSCOPIC CHOLECYSTECTOMY W/O C.D.E. W CC","ST FRANCIS HOSPITAL, INC","2122 MANCHESTER EXPRESSWAY","COLUMBUS","GA",31995,"GA - Columbus",12,"$31721.75","$9212.66","$8088.66"
"3610",110129,"ST FRANCIS HOSPITAL, INC","2122 MANCHESTER EXPRESSWAY
COLUMBUS, GA 31995
(32.506894239000076, -84.96115730299994)","Yes","Y","Yes","Y","Y","Yes","N",NA,"252 - OTHER VASCULAR PROCEDURES W MCC","ST FRANCIS HOSPITAL, INC","2122 MANCHESTER EXPRESSWAY","COLUMBUS","GA",31995,"GA - Columbus",58,"$30219.12","$16122.58","$15301.37"
"3611",110129,"ST FRANCIS HOSPITAL, INC","2122 MANCHESTER EXPRESSWAY
COLUMBUS, GA 31995
(32.506894239000076, -84.96115730299994)","Yes","Y","Yes","Y","Y","Yes","N",NA,"249 - PERC CARDIOVASC PROC W NON-DRUG-ELUTING STENT W/O MCC","ST FRANCIS HOSPITAL, INC","2122 MANCHESTER EXPRESSWAY","COLUMBUS","GA",31995,"GA - Columbus",12,"$45209.33","$9614.66","$8579.66"
"3613",110129,"ST FRANCIS HOSPITAL, INC","2122 MANCHESTER EXPRESSWAY
COLUMBUS, GA 31995
(32.506894239000076, -84.96115730299994)","Yes","Y","Yes","Y","Y","Yes","N",NA,"329 - MAJOR SMALL & LARGE BOWEL PROCEDURES W MCC","ST FRANCIS HOSPITAL, INC","2122 MANCHESTER EXPRESSWAY","COLUMBUS","GA",31995,"GA - Columbus",27,"$73123.62","$26485.14","$25817.88"
"3619",110129,"ST FRANCIS HOSPITAL, INC","2122 MANCHESTER EXPRESSWAY
COLUMBUS, GA 31995
(32.506894239000076, -84.96115730299994)","Yes","Y","Yes","Y","Y","Yes","N",NA,"244 - PERMANENT CARDIAC PACEMAKER IMPLANT W/O CC/MCC","ST FRANCIS HOSPITAL, INC","2122 MANCHESTER EXPRESSWAY","COLUMBUS","GA",31995,"GA - Columbus",17,"$40529.88","$11120.94","$9567.58"
"3620",110129,"ST FRANCIS HOSPITAL, INC","2122 MANCHESTER EXPRESSWAY
COLUMBUS, GA 31995
(32.506894239000076, -84.96115730299994)","Yes","Y","Yes","Y","Y","Yes","N",NA,"330 - MAJOR SMALL & LARGE BOWEL PROCEDURES W CC","ST FRANCIS HOSPITAL, INC","2122 MANCHESTER EXPRESSWAY","COLUMBUS","GA",31995,"GA - Columbus",48,"$43909.45","$14166.68","$11774.04"
"3626",110129,"ST FRANCIS HOSPITAL, INC","2122 MANCHESTER EXPRESSWAY
COLUMBUS, GA 31995
(32.506894239000076, -84.96115730299994)","Yes","Y","Yes","Y","Y","Yes","N",NA,"238 - MAJOR CARDIOVASC PROCEDURES W/O MCC","ST FRANCIS HOSPITAL, INC","2122 MANCHESTER EXPRESSWAY","COLUMBUS","GA",31995,"GA - Columbus",30,"$48888.00","$16562.50","$15261.53"
"3693",110143,"WELLSTAR COBB HOSPITAL","3950 AUSTELL RD
AUSTELL, GA 30106
(33.85609313000003, -84.60196778999995)","No","Y","Yes","Y","Does not have a Cardiac Surgery Program","No","Y","Y","419 - LAPAROSCOPIC CHOLECYSTECTOMY W/O C.D.E. W/O CC/MCC","WELLSTAR COBB HOSPITAL","3950 AUSTELL RD","AUSTELL","GA",30106,"GA - Atlanta",12,"$26433.83","$8152.33","$4315.33"
"3697",110143,"WELLSTAR COBB HOSPITAL","3950 AUSTELL RD
AUSTELL, GA 30106
(33.85609313000003, -84.60196778999995)","No","Y","Yes","Y","Does not have a Cardiac Surgery Program","No","Y","Y","251 - PERC CARDIOVASC PROC W/O CORONARY ARTERY STENT W/O MCC","WELLSTAR COBB HOSPITAL","3950 AUSTELL RD","AUSTELL","GA",30106,"GA - Atlanta",13,"$45720.61","$11446.07","$10669.76"
"3705",110143,"WELLSTAR COBB HOSPITAL","3950 AUSTELL RD
AUSTELL, GA 30106
(33.85609313000003, -84.60196778999995)","No","Y","Yes","Y","Does not have a Cardiac Surgery Program","No","Y","Y","247 - PERC CARDIOVASC PROC W DRUG-ELUTING STENT W/O MCC","WELLSTAR COBB HOSPITAL","3950 AUSTELL RD","AUSTELL","GA",30106,"GA - Atlanta",74,"$46431.06","$13448.89","$10873.75"
"3707",110143,"WELLSTAR COBB HOSPITAL","3950 AUSTELL RD
AUSTELL, GA 30106
(33.85609313000003, -84.60196778999995)","No","Y","Yes","Y","Does not have a Cardiac Surgery Program","No","Y","Y","246 - PERC CARDIOVASC PROC W DRUG-ELUTING STENT W MCC OR 4+ VESSELS/STENTS","WELLSTAR COBB HOSPITAL","3950 AUSTELL RD","AUSTELL","GA",30106,"GA - Atlanta",23,"$86973.86","$23207.26","$19013.34"
"3711",110143,"WELLSTAR COBB HOSPITAL","3950 AUSTELL RD
AUSTELL, GA 30106
(33.85609313000003, -84.60196778999995)","No","Y","Yes","Y","Does not have a Cardiac Surgery Program","No","Y","Y","244 - PERMANENT CARDIAC PACEMAKER IMPLANT W/O CC/MCC","WELLSTAR COBB HOSPITAL","3950 AUSTELL RD","AUSTELL","GA",30106,"GA - Atlanta",34,"$41915.97","$13964.67","$11107.47"
"3713",110143,"WELLSTAR COBB HOSPITAL","3950 AUSTELL RD
AUSTELL, GA 30106
(33.85609313000003, -84.60196778999995)","No","Y","Yes","Y","Does not have a Cardiac Surgery Program","No","Y","Y","252 - OTHER VASCULAR PROCEDURES W MCC","WELLSTAR COBB HOSPITAL","3950 AUSTELL RD","AUSTELL","GA",30106,"GA - Atlanta",57,"$65366.07","$20125.45","$18522.45"
"3715",110143,"WELLSTAR COBB HOSPITAL","3950 AUSTELL RD
AUSTELL, GA 30106
(33.85609313000003, -84.60196778999995)","No","Y","Yes","Y","Does not have a Cardiac Surgery Program","No","Y","Y","253 - OTHER VASCULAR PROCEDURES W CC","WELLSTAR COBB HOSPITAL","3950 AUSTELL RD","AUSTELL","GA",30106,"GA - Atlanta",25,"$70309.88","$16100.88","$14049.88"
"3720",110143,"WELLSTAR COBB HOSPITAL","3950 AUSTELL RD
AUSTELL, GA 30106
(33.85609313000003, -84.60196778999995)","No","Y","Yes","Y","Does not have a Cardiac Surgery Program","No","Y","Y","243 - PERMANENT CARDIAC PACEMAKER IMPLANT W CC","WELLSTAR COBB HOSPITAL","3950 AUSTELL RD","AUSTELL","GA",30106,"GA - Atlanta",17,"$53386.41","$18033.11","$14380.41"
"3724",110143,"WELLSTAR COBB HOSPITAL","3950 AUSTELL RD
AUSTELL, GA 30106
(33.85609313000003, -84.60196778999995)","No","Y","Yes","Y","Does not have a Cardiac Surgery Program","No","Y","Y","254 - OTHER VASCULAR PROCEDURES W/O CC/MCC","WELLSTAR COBB HOSPITAL","3950 AUSTELL RD","AUSTELL","GA",30106,"GA - Atlanta",14,"$39970.07","$10346.57","$9466.28"
"3728",110143,"WELLSTAR COBB HOSPITAL","3950 AUSTELL RD
AUSTELL, GA 30106
(33.85609313000003, -84.60196778999995)","No","Y","Yes","Y","Does not have a Cardiac Surgery Program","No","Y","Y","330 - MAJOR SMALL & LARGE BOWEL PROCEDURES W CC","WELLSTAR COBB HOSPITAL","3950 AUSTELL RD","AUSTELL","GA",30106,"GA - Atlanta",36,"$43973.88","$17629.88","$13578.91"
"3737",110143,"WELLSTAR COBB HOSPITAL","3950 AUSTELL RD
AUSTELL, GA 30106
(33.85609313000003, -84.60196778999995)","No","Y","Yes","Y","Does not have a Cardiac Surgery Program","No","Y","Y","329 - MAJOR SMALL & LARGE BOWEL PROCEDURES W MCC","WELLSTAR COBB HOSPITAL","3950 AUSTELL RD","AUSTELL","GA",30106,"GA - Atlanta",41,"$124952.73","$38430.21","$35716.60"
"3742",110143,"WELLSTAR COBB HOSPITAL","3950 AUSTELL RD
AUSTELL, GA 30106
(33.85609313000003, -84.60196778999995)","No","Y","Yes","Y","Does not have a Cardiac Surgery Program","No","Y","Y","249 - PERC CARDIOVASC PROC W NON-DRUG-ELUTING STENT W/O MCC","WELLSTAR COBB HOSPITAL","3950 AUSTELL RD","AUSTELL","GA",30106,"GA - Atlanta",43,"$45158.74","$11636.09","$9883.34"
"3753",110143,"WELLSTAR COBB HOSPITAL","3950 AUSTELL RD
AUSTELL, GA 30106
(33.85609313000003, -84.60196778999995)","No","Y","Yes","Y","Does not have a Cardiac Surgery Program","No","Y","Y","418 - LAPAROSCOPIC CHOLECYSTECTOMY W/O C.D.E. W CC","WELLSTAR COBB HOSPITAL","3950 AUSTELL RD","AUSTELL","GA",30106,"GA - Atlanta",22,"$40906.90","$11482.77","$8978.27"
"3771",110143,"WELLSTAR COBB HOSPITAL","3950 AUSTELL RD
AUSTELL, GA 30106
(33.85609313000003, -84.60196778999995)","No","Y","Yes","Y","Does not have a Cardiac Surgery Program","No","Y","Y","238 - MAJOR CARDIOVASC PROCEDURES W/O MCC","WELLSTAR COBB HOSPITAL","3950 AUSTELL RD","AUSTELL","GA",30106,"GA - Atlanta",24,"$68508.16","$18723.50","$17832.66"
"3809",110150,"OCONEE REGIONAL MEDICAL CENTER","821 N COBB STREET POST OFFICE BOX 690
MILLEDGEVILLE, GA 31061
(33.08936655600007, -83.24804142799996)","Yes","N","Yes","N","Does not have a Cardiac Surgery Program","Yes","N",NA,"330 - MAJOR SMALL & LARGE BOWEL PROCEDURES W CC","OCONEE REGIONAL MEDICAL CENTER","821 N COBB STREET  POST OFFICE BOX 690","MILLEDGEVILLE","GA",31061,"GA - Macon",11,"$64955.00","$16773.36","$15950.09"
"3845",110161,"NORTHSIDE HOSPITAL","1000 JOHNSON FERRY ROAD, NE
ATLANTA, GA 30342
(33.90790024200004, -84.35480907099998)","No","Y","Yes","Y","Does not have a Cardiac Surgery Program","No","N",NA,"247 - PERC CARDIOVASC PROC W DRUG-ELUTING STENT W/O MCC","NORTHSIDE HOSPITAL","1000 JOHNSON FERRY ROAD, NE","ATLANTA","GA",30342,"GA - Atlanta",11,"$71843.18","$17567.81","$7553.81"
"3858",110161,"NORTHSIDE HOSPITAL","1000 JOHNSON FERRY ROAD, NE
ATLANTA, GA 30342
(33.90790024200004, -84.35480907099998)","No","Y","Yes","Y","Does not have a Cardiac Surgery Program","No","N",NA,"252 - OTHER VASCULAR PROCEDURES W MCC","NORTHSIDE HOSPITAL","1000 JOHNSON FERRY ROAD, NE","ATLANTA","GA",30342,"GA - Atlanta",11,"$64789.81","$18183.27","$15315.90"
"3872",110161,"NORTHSIDE HOSPITAL","1000 JOHNSON FERRY ROAD, NE
ATLANTA, GA 30342
(33.90790024200004, -84.35480907099998)","No","Y","Yes","Y","Does not have a Cardiac Surgery Program","No","N",NA,"329 - MAJOR SMALL & LARGE BOWEL PROCEDURES W MCC","NORTHSIDE HOSPITAL","1000 JOHNSON FERRY ROAD, NE","ATLANTA","GA",30342,"GA - Atlanta",17,"$183818.29","$47729.47","$41583.58"
"3876",110161,"NORTHSIDE HOSPITAL","1000 JOHNSON FERRY ROAD, NE
ATLANTA, GA 30342
(33.90790024200004, -84.35480907099998)","No","Y","Yes","Y","Does not have a Cardiac Surgery Program","No","N",NA,"330 - MAJOR SMALL & LARGE BOWEL PROCEDURES W CC","NORTHSIDE HOSPITAL","1000 JOHNSON FERRY ROAD, NE","ATLANTA","GA",30342,"GA - Atlanta",29,"$59119.27","$16751.51","$12748.06"
"3892",110164,"COLISEUM MEDICAL CENTERS","350 HOSPITAL DRIVE
MACON, GA 31217
(32.84579837900003, -83.61879732099999)","Yes","N","Yes","Y","Y","Yes","N",NA,"247 - PERC CARDIOVASC PROC W DRUG-ELUTING STENT W/O MCC","COLISEUM MEDICAL CENTER","350 HOSPITAL DRIVE","MACON","GA",31217,"GA - Macon",99,"$58952.49","$12889.81","$10448.92"
"3900",110164,"COLISEUM MEDICAL CENTERS","350 HOSPITAL DRIVE
MACON, GA 31217
(32.84579837900003, -83.61879732099999)","Yes","N","Yes","Y","Y","Yes","N",NA,"254 - OTHER VASCULAR PROCEDURES W/O CC/MCC","COLISEUM MEDICAL CENTER","350 HOSPITAL DRIVE","MACON","GA",31217,"GA - Macon",20,"$39875.00","$9811.55","$8799.15"
"3905",110164,"COLISEUM MEDICAL CENTERS","350 HOSPITAL DRIVE
MACON, GA 31217
(32.84579837900003, -83.61879732099999)","Yes","N","Yes","Y","Y","Yes","N",NA,"243 - PERMANENT CARDIAC PACEMAKER IMPLANT W CC","COLISEUM MEDICAL CENTER","350 HOSPITAL DRIVE","MACON","GA",31217,"GA - Macon",16,"$54986.50","$16399.37","$14104.93"
"3909",110164,"COLISEUM MEDICAL CENTERS","350 HOSPITAL DRIVE
MACON, GA 31217
(32.84579837900003, -83.61879732099999)","Yes","N","Yes","Y","Y","Yes","N",NA,"329 - MAJOR SMALL & LARGE BOWEL PROCEDURES W MCC","COLISEUM MEDICAL CENTER","350 HOSPITAL DRIVE","MACON","GA",31217,"GA - Macon",15,"$130327.00","$32983.00","$31208.46"
"3911",110164,"COLISEUM MEDICAL CENTERS","350 HOSPITAL DRIVE
MACON, GA 31217
(32.84579837900003, -83.61879732099999)","Yes","N","Yes","Y","Y","Yes","N",NA,"252 - OTHER VASCULAR PROCEDURES W MCC","COLISEUM MEDICAL CENTER","350 HOSPITAL DRIVE","MACON","GA",31217,"GA - Macon",20,"$64596.35","$17364.35","$15856.30"
"3913",110164,"COLISEUM MEDICAL CENTERS","350 HOSPITAL DRIVE
MACON, GA 31217
(32.84579837900003, -83.61879732099999)","Yes","N","Yes","Y","Y","Yes","N",NA,"246 - PERC CARDIOVASC PROC W DRUG-ELUTING STENT W MCC OR 4+ VESSELS/STENTS","COLISEUM MEDICAL CENTER","350 HOSPITAL DRIVE","MACON","GA",31217,"GA - Macon",38,"$85905.15","$20041.94","$18547.05"
"3932",110164,"COLISEUM MEDICAL CENTERS","350 HOSPITAL DRIVE
MACON, GA 31217
(32.84579837900003, -83.61879732099999)","Yes","N","Yes","Y","Y","Yes","N",NA,"251 - PERC CARDIOVASC PROC W/O CORONARY ARTERY STENT W/O MCC","COLISEUM MEDICAL CENTER","350 HOSPITAL DRIVE","MACON","GA",31217,"GA - Macon",47,"$52900.42","$11203.72","$9936.76"
"3943",110164,"COLISEUM MEDICAL CENTERS","350 HOSPITAL DRIVE
MACON, GA 31217
(32.84579837900003, -83.61879732099999)","Yes","N","Yes","Y","Y","Yes","N",NA,"419 - LAPAROSCOPIC CHOLECYSTECTOMY W/O C.D.E. W/O CC/MCC","COLISEUM MEDICAL CENTER","350 HOSPITAL DRIVE","MACON","GA",31217,"GA - Macon",11,"$27686.00","$7104.54","$5978.36"
"3953",110164,"COLISEUM MEDICAL CENTERS","350 HOSPITAL DRIVE
MACON, GA 31217
(32.84579837900003, -83.61879732099999)","Yes","N","Yes","Y","Y","Yes","N",NA,"330 - MAJOR SMALL & LARGE BOWEL PROCEDURES W CC","COLISEUM MEDICAL CENTER","350 HOSPITAL DRIVE","MACON","GA",31217,"GA - Macon",31,"$60167.54","$14960.09","$12446.03"
"3962",110164,"COLISEUM MEDICAL CENTERS","350 HOSPITAL DRIVE
MACON, GA 31217
(32.84579837900003, -83.61879732099999)","Yes","N","Yes","Y","Y","Yes","N",NA,"249 - PERC CARDIOVASC PROC W NON-DRUG-ELUTING STENT W/O MCC","COLISEUM MEDICAL CENTER","350 HOSPITAL DRIVE","MACON","GA",31217,"GA - Macon",16,"$54774.93","$10785.75","$10011.50"
"3967",110164,"COLISEUM MEDICAL CENTERS","350 HOSPITAL DRIVE
MACON, GA 31217
(32.84579837900003, -83.61879732099999)","Yes","N","Yes","Y","Y","Yes","N",NA,"244 - PERMANENT CARDIAC PACEMAKER IMPLANT W/O CC/MCC","COLISEUM MEDICAL CENTER","350 HOSPITAL DRIVE","MACON","GA",31217,"GA - Macon",23,"$37127.21","$12342.43","$11559.13"
"3973",110165,"SOUTHERN REGIONAL MEDICAL CENTER","11 UPPER RIVERDALE ROAD, SW
RIVERDALE, GA 30274
(33.57779692500003, -84.38957821499997)","No","Y","Yes","Y","Does not have a Cardiac Surgery Program","No","N",NA,"247 - PERC CARDIOVASC PROC W DRUG-ELUTING STENT W/O MCC","SOUTHERN REGIONAL MEDICAL CENTER","11 UPPER RIVERDALE ROAD, SW","RIVERDALE","GA",30274,"GA - Atlanta",49,"$48699.53","$13434.51","$11900.32"
"3984",110165,"SOUTHERN REGIONAL MEDICAL CENTER","11 UPPER RIVERDALE ROAD, SW
RIVERDALE, GA 30274
(33.57779692500003, -84.38957821499997)","No","Y","Yes","Y","Does not have a Cardiac Surgery Program","No","N",NA,"329 - MAJOR SMALL & LARGE BOWEL PROCEDURES W MCC","SOUTHERN REGIONAL MEDICAL CENTER","11 UPPER RIVERDALE ROAD, SW","RIVERDALE","GA",30274,"GA - Atlanta",12,"$93156.66","$32225.66","$31644.75"
"3989",110165,"SOUTHERN REGIONAL MEDICAL CENTER","11 UPPER RIVERDALE ROAD, SW
RIVERDALE, GA 30274
(33.57779692500003, -84.38957821499997)","No","Y","Yes","Y","Does not have a Cardiac Surgery Program","No","N",NA,"252 - OTHER VASCULAR PROCEDURES W MCC","SOUTHERN REGIONAL MEDICAL CENTER","11 UPPER RIVERDALE ROAD, SW","RIVERDALE","GA",30274,"GA - Atlanta",22,"$55509.54","$20226.36","$19421.40"
"3996",110165,"SOUTHERN REGIONAL MEDICAL CENTER","11 UPPER RIVERDALE ROAD, SW
RIVERDALE, GA 30274
(33.57779692500003, -84.38957821499997)","No","Y","Yes","Y","Does not have a Cardiac Surgery Program","No","N",NA,"254 - OTHER VASCULAR PROCEDURES W/O CC/MCC","SOUTHERN REGIONAL MEDICAL CENTER","11 UPPER RIVERDALE ROAD, SW","RIVERDALE","GA",30274,"GA - Atlanta",13,"$53995.69","$11709.76","$9060.69"
"3997",110165,"SOUTHERN REGIONAL MEDICAL CENTER","11 UPPER RIVERDALE ROAD, SW
RIVERDALE, GA 30274
(33.57779692500003, -84.38957821499997)","No","Y","Yes","Y","Does not have a Cardiac Surgery Program","No","N",NA,"238 - MAJOR CARDIOVASC PROCEDURES W/O MCC","SOUTHERN REGIONAL MEDICAL CENTER","11 UPPER RIVERDALE ROAD, SW","RIVERDALE","GA",30274,"GA - Atlanta",21,"$95449.09","$24062.57","$20729.80"
"4014",110165,"SOUTHERN REGIONAL MEDICAL CENTER","11 UPPER RIVERDALE ROAD, SW
RIVERDALE, GA 30274
(33.57779692500003, -84.38957821499997)","No","Y","Yes","Y","Does not have a Cardiac Surgery Program","No","N",NA,"249 - PERC CARDIOVASC PROC W NON-DRUG-ELUTING STENT W/O MCC","SOUTHERN REGIONAL MEDICAL CENTER","11 UPPER RIVERDALE ROAD, SW","RIVERDALE","GA",30274,"GA - Atlanta",35,"$49925.82","$12002.88","$11105.51"
"4016",110165,"SOUTHERN REGIONAL MEDICAL CENTER","11 UPPER RIVERDALE ROAD, SW
RIVERDALE, GA 30274
(33.57779692500003, -84.38957821499997)","No","Y","Yes","Y","Does not have a Cardiac Surgery Program","No","N",NA,"330 - MAJOR SMALL & LARGE BOWEL PROCEDURES W CC","SOUTHERN REGIONAL MEDICAL CENTER","11 UPPER RIVERDALE ROAD, SW","RIVERDALE","GA",30274,"GA - Atlanta",22,"$48819.45","$16578.31","$15562.31"
"4024",110165,"SOUTHERN REGIONAL MEDICAL CENTER","11 UPPER RIVERDALE ROAD, SW
RIVERDALE, GA 30274
(33.57779692500003, -84.38957821499997)","No","Y","Yes","Y","Does not have a Cardiac Surgery Program","No","N",NA,"244 - PERMANENT CARDIAC PACEMAKER IMPLANT W/O CC/MCC","SOUTHERN REGIONAL MEDICAL CENTER","11 UPPER RIVERDALE ROAD, SW","RIVERDALE","GA",30274,"GA - Atlanta",12,"$36995.00","$13832.16","$12805.16"
"4040",110168,"REDMOND REGIONAL MEDICAL CENTER","501 REDMOND ROAD
ROME, GA 30165
(34.278178996000065, -85.19410857599996)","Yes","N","Yes","Y","Y","Yes","N",NA,"252 - OTHER VASCULAR PROCEDURES W MCC","REDMOND REGIONAL MEDICAL CENTER","501 REDMOND ROAD","ROME","GA",30165,"GA - Rome",39,"$71056.97","$16255.25","$15386.84"
"4047",110168,"REDMOND REGIONAL MEDICAL CENTER","501 REDMOND ROAD
ROME, GA 30165
(34.278178996000065, -85.19410857599996)","Yes","N","Yes","Y","Y","Yes","N",NA,"246 - PERC CARDIOVASC PROC W DRUG-ELUTING STENT W MCC OR 4+ VESSELS/STENTS","REDMOND REGIONAL MEDICAL CENTER","501 REDMOND ROAD","ROME","GA",30165,"GA - Rome",42,"$83123.73","$18798.02","$15312.71"
"4049",110168,"REDMOND REGIONAL MEDICAL CENTER","501 REDMOND ROAD
ROME, GA 30165
(34.278178996000065, -85.19410857599996)","Yes","N","Yes","Y","Y","Yes","N",NA,"253 - OTHER VASCULAR PROCEDURES W CC","REDMOND REGIONAL MEDICAL CENTER","501 REDMOND ROAD","ROME","GA",30165,"GA - Rome",33,"$70377.93","$14713.81","$12366.60"
"4058",110168,"REDMOND REGIONAL MEDICAL CENTER","501 REDMOND ROAD
ROME, GA 30165
(34.278178996000065, -85.19410857599996)","Yes","N","Yes","Y","Y","Yes","N",NA,"243 - PERMANENT CARDIAC PACEMAKER IMPLANT W CC","REDMOND REGIONAL MEDICAL CENTER","501 REDMOND ROAD","ROME","GA",30165,"GA - Rome",23,"$59039.13","$14068.21","$13185.08"
"4063",110168,"REDMOND REGIONAL MEDICAL CENTER","501 REDMOND ROAD
ROME, GA 30165
(34.278178996000065, -85.19410857599996)","Yes","N","Yes","Y","Y","Yes","N",NA,"329 - MAJOR SMALL & LARGE BOWEL PROCEDURES W MCC","REDMOND REGIONAL MEDICAL CENTER","501 REDMOND ROAD","ROME","GA",30165,"GA - Rome",20,"$88745.70","$28166.60","$26041.10"
"4068",110168,"REDMOND REGIONAL MEDICAL CENTER","501 REDMOND ROAD
ROME, GA 30165
(34.278178996000065, -85.19410857599996)","Yes","N","Yes","Y","Y","Yes","N",NA,"247 - PERC CARDIOVASC PROC W DRUG-ELUTING STENT W/O MCC","REDMOND REGIONAL MEDICAL CENTER","501 REDMOND ROAD","ROME","GA",30165,"GA - Rome",141,"$60748.46","$12709.70","$8985.88"
"4077",110168,"REDMOND REGIONAL MEDICAL CENTER","501 REDMOND ROAD
ROME, GA 30165
(34.278178996000065, -85.19410857599996)","Yes","N","Yes","Y","Y","Yes","N",NA,"330 - MAJOR SMALL & LARGE BOWEL PROCEDURES W CC","REDMOND REGIONAL MEDICAL CENTER","501 REDMOND ROAD","ROME","GA",30165,"GA - Rome",28,"$48433.35","$13693.75","$11557.46"
"4084",110168,"REDMOND REGIONAL MEDICAL CENTER","501 REDMOND ROAD
ROME, GA 30165
(34.278178996000065, -85.19410857599996)","Yes","N","Yes","Y","Y","Yes","N",NA,"238 - MAJOR CARDIOVASC PROCEDURES W/O MCC","REDMOND REGIONAL MEDICAL CENTER","501 REDMOND ROAD","ROME","GA",30165,"GA - Rome",28,"$92603.64","$17884.50","$15739.39"
"4088",110168,"REDMOND REGIONAL MEDICAL CENTER","501 REDMOND ROAD
ROME, GA 30165
(34.278178996000065, -85.19410857599996)","Yes","N","Yes","Y","Y","Yes","N",NA,"254 - OTHER VASCULAR PROCEDURES W/O CC/MCC","REDMOND REGIONAL MEDICAL CENTER","501 REDMOND ROAD","ROME","GA",30165,"GA - Rome",14,"$54337.85","$8878.00","$8078.57"
"4092",110168,"REDMOND REGIONAL MEDICAL CENTER","501 REDMOND ROAD
ROME, GA 30165
(34.278178996000065, -85.19410857599996)","Yes","N","Yes","Y","Y","Yes","N",NA,"251 - PERC CARDIOVASC PROC W/O CORONARY ARTERY STENT W/O MCC","REDMOND REGIONAL MEDICAL CENTER","501 REDMOND ROAD","ROME","GA",30165,"GA - Rome",26,"$61067.42","$10014.65","$8782.96"
"4105",110168,"REDMOND REGIONAL MEDICAL CENTER","501 REDMOND ROAD
ROME, GA 30165
(34.278178996000065, -85.19410857599996)","Yes","N","Yes","Y","Y","Yes","N",NA,"418 - LAPAROSCOPIC CHOLECYSTECTOMY W/O C.D.E. W CC","REDMOND REGIONAL MEDICAL CENTER","501 REDMOND ROAD","ROME","GA",30165,"GA - Rome",17,"$39352.35","$10141.47","$7415.88"
"4118",110168,"REDMOND REGIONAL MEDICAL CENTER","501 REDMOND ROAD
ROME, GA 30165
(34.278178996000065, -85.19410857599996)","Yes","N","Yes","Y","Y","Yes","N",NA,"244 - PERMANENT CARDIAC PACEMAKER IMPLANT W/O CC/MCC","REDMOND REGIONAL MEDICAL CENTER","501 REDMOND ROAD","ROME","GA",30165,"GA - Rome",29,"$60627.58","$11176.20","$10435.65"
"4122",110168,"REDMOND REGIONAL MEDICAL CENTER","501 REDMOND ROAD
ROME, GA 30165
(34.278178996000065, -85.19410857599996)","Yes","N","Yes","Y","Y","Yes","N",NA,"249 - PERC CARDIOVASC PROC W NON-DRUG-ELUTING STENT W/O MCC","REDMOND REGIONAL MEDICAL CENTER","501 REDMOND ROAD","ROME","GA",30165,"GA - Rome",70,"$52805.87","$10774.32","$8478.22"
"4144",110177,"DOCTORS HOSPITAL","3651 WHEELER ROAD
AUGUSTA, GA 30909
(33.48252741600004, -82.09114587699997)","Yes","N","Yes","Y","Does not have a Cardiac Surgery Program","Yes","N",NA,"329 - MAJOR SMALL & LARGE BOWEL PROCEDURES W MCC","DOCTORS HOSPITAL","3651 WHEELER ROAD","AUGUSTA","GA",30909,"GA - Augusta",11,"$209547.63","$39975.54","$30732.81"
"4155",110177,"DOCTORS HOSPITAL","3651 WHEELER ROAD
AUGUSTA, GA 30909
(33.48252741600004, -82.09114587699997)","Yes","N","Yes","Y","Does not have a Cardiac Surgery Program","Yes","N",NA,"247 - PERC CARDIOVASC PROC W DRUG-ELUTING STENT W/O MCC","DOCTORS HOSPITAL","3651 WHEELER ROAD","AUGUSTA","GA",30909,"GA - Augusta",14,"$65229.92","$12664.85","$11620.57"
"4158",110177,"DOCTORS HOSPITAL","3651 WHEELER ROAD
AUGUSTA, GA 30909
(33.48252741600004, -82.09114587699997)","Yes","N","Yes","Y","Does not have a Cardiac Surgery Program","Yes","N",NA,"418 - LAPAROSCOPIC CHOLECYSTECTOMY W/O C.D.E. W CC","DOCTORS HOSPITAL","3651 WHEELER ROAD","AUGUSTA","GA",30909,"GA - Augusta",13,"$73320.76","$12736.38","$9403.23"
"4175",110177,"DOCTORS HOSPITAL","3651 WHEELER ROAD
AUGUSTA, GA 30909
(33.48252741600004, -82.09114587699997)","Yes","N","Yes","Y","Does not have a Cardiac Surgery Program","Yes","N",NA,"419 - LAPAROSCOPIC CHOLECYSTECTOMY W/O C.D.E. W/O CC/MCC","DOCTORS HOSPITAL","3651 WHEELER ROAD","AUGUSTA","GA",30909,"GA - Augusta",12,"$50728.91","$10021.58","$6058.41"
"4240",110184,"WELLSTAR DOUGLAS HOSPITAL","8954 HOSPITAL DRIVE
DOUGLASVILLE, GA 30134
(33.73847916700004, -84.73317021599996)","No","Y","Yes","Y","Does not have a Cardiac Surgery Program","No","Y","Y","330 - MAJOR SMALL & LARGE BOWEL PROCEDURES W CC","WELLSTAR DOUGLAS HOSPITAL","8954 HOSPITAL DRIVE","DOUGLASVILLE","GA",30134,"GA - Atlanta",15,"$54340.73","$14558.40","$13514.66"
"4316",110191,"PIEDMONT HENRY HOSPITAL","1133 EAGLE'S LANDING PARKWAY
STOCKBRIDGE, GA 30281
(33.50930990300003, -84.22558316299995)","No","N","Yes","Y","Does not have a Cardiac Surgery Program","No","N",NA,"252 - OTHER VASCULAR PROCEDURES W MCC","HENRY MEDICAL CENTER, INC","1133 EAGLE'S LANDING PARKWAY","STOCKBRIDGE","GA",30281,"GA - Atlanta",23,"$64396.21","$18069.69","$17169.60"
"4327",110191,"PIEDMONT HENRY HOSPITAL","1133 EAGLE'S LANDING PARKWAY
STOCKBRIDGE, GA 30281
(33.50930990300003, -84.22558316299995)","No","N","Yes","Y","Does not have a Cardiac Surgery Program","No","N",NA,"329 - MAJOR SMALL & LARGE BOWEL PROCEDURES W MCC","HENRY MEDICAL CENTER, INC","1133 EAGLE'S LANDING PARKWAY","STOCKBRIDGE","GA",30281,"GA - Atlanta",14,"$147235.85","$35583.50","$34764.50"
"4341",110191,"PIEDMONT HENRY HOSPITAL","1133 EAGLE'S LANDING PARKWAY
STOCKBRIDGE, GA 30281
(33.50930990300003, -84.22558316299995)","No","N","Yes","Y","Does not have a Cardiac Surgery Program","No","N",NA,"254 - OTHER VASCULAR PROCEDURES W/O CC/MCC","HENRY MEDICAL CENTER, INC","1133 EAGLE'S LANDING PARKWAY","STOCKBRIDGE","GA",30281,"GA - Atlanta",13,"$65929.61","$11769.38","$10818.92"
"4348",110191,"PIEDMONT HENRY HOSPITAL","1133 EAGLE'S LANDING PARKWAY
STOCKBRIDGE, GA 30281
(33.50930990300003, -84.22558316299995)","No","N","Yes","Y","Does not have a Cardiac Surgery Program","No","N",NA,"244 - PERMANENT CARDIAC PACEMAKER IMPLANT W/O CC/MCC","HENRY MEDICAL CENTER, INC","1133 EAGLE'S LANDING PARKWAY","STOCKBRIDGE","GA",30281,"GA - Atlanta",20,"$55623.70","$13039.40","$10349.80"
"4354",110191,"PIEDMONT HENRY HOSPITAL","1133 EAGLE'S LANDING PARKWAY
STOCKBRIDGE, GA 30281
(33.50930990300003, -84.22558316299995)","No","N","Yes","Y","Does not have a Cardiac Surgery Program","No","N",NA,"247 - PERC CARDIOVASC PROC W DRUG-ELUTING STENT W/O MCC","HENRY MEDICAL CENTER, INC","1133 EAGLE'S LANDING PARKWAY","STOCKBRIDGE","GA",30281,"GA - Atlanta",27,"$44862.18","$11841.14","$10720.62"
"4364",110191,"PIEDMONT HENRY HOSPITAL","1133 EAGLE'S LANDING PARKWAY
STOCKBRIDGE, GA 30281
(33.50930990300003, -84.22558316299995)","No","N","Yes","Y","Does not have a Cardiac Surgery Program","No","N",NA,"249 - PERC CARDIOVASC PROC W NON-DRUG-ELUTING STENT W/O MCC","HENRY MEDICAL CENTER, INC","1133 EAGLE'S LANDING PARKWAY","STOCKBRIDGE","GA",30281,"GA - Atlanta",11,"$56144.81","$10912.18","$9883.09"
"4373",110191,"PIEDMONT HENRY HOSPITAL","1133 EAGLE'S LANDING PARKWAY
STOCKBRIDGE, GA 30281
(33.50930990300003, -84.22558316299995)","No","N","Yes","Y","Does not have a Cardiac Surgery Program","No","N",NA,"330 - MAJOR SMALL & LARGE BOWEL PROCEDURES W CC","HENRY MEDICAL CENTER, INC","1133 EAGLE'S LANDING PARKWAY","STOCKBRIDGE","GA",30281,"GA - Atlanta",23,"$53746.17","$15527.95","$14551.95"
"4389",110192,"EASTSIDE MEDICAL CENTER","1700 MEDICAL WAY
SNELLVILLE, GA 30078
(33.87745528200003, -84.01959756599996)","Yes","N","Yes","Y","Does not have a Cardiac Surgery Program","Yes","N",NA,"418 - LAPAROSCOPIC CHOLECYSTECTOMY W/O C.D.E. W CC","EMORY EASTSIDE MEDICAL CENTER","1700 MEDICAL WAY","SNELLVILLE","GA",30078,"GA - Atlanta",13,"$78886.61","$10630.92","$9595.84"
"4398",110192,"EASTSIDE MEDICAL CENTER","1700 MEDICAL WAY
SNELLVILLE, GA 30078
(33.87745528200003, -84.01959756599996)","Yes","N","Yes","Y","Does not have a Cardiac Surgery Program","Yes","N",NA,"329 - MAJOR SMALL & LARGE BOWEL PROCEDURES W MCC","EMORY EASTSIDE MEDICAL CENTER","1700 MEDICAL WAY","SNELLVILLE","GA",30078,"GA - Atlanta",18,"$201070.66","$33909.61","$32658.94"
"4408",110192,"EASTSIDE MEDICAL CENTER","1700 MEDICAL WAY
SNELLVILLE, GA 30078
(33.87745528200003, -84.01959756599996)","Yes","N","Yes","Y","Does not have a Cardiac Surgery Program","Yes","N",NA,"243 - PERMANENT CARDIAC PACEMAKER IMPLANT W CC","EMORY EASTSIDE MEDICAL CENTER","1700 MEDICAL WAY","SNELLVILLE","GA",30078,"GA - Atlanta",11,"$68880.00","$13945.45","$13330.90"
"4415",110192,"EASTSIDE MEDICAL CENTER","1700 MEDICAL WAY
SNELLVILLE, GA 30078
(33.87745528200003, -84.01959756599996)","Yes","N","Yes","Y","Does not have a Cardiac Surgery Program","Yes","N",NA,"244 - PERMANENT CARDIAC PACEMAKER IMPLANT W/O CC/MCC","EMORY EASTSIDE MEDICAL CENTER","1700 MEDICAL WAY","SNELLVILLE","GA",30078,"GA - Atlanta",14,"$69564.35","$13160.50","$10276.78"
"4416",110192,"EASTSIDE MEDICAL CENTER","1700 MEDICAL WAY
SNELLVILLE, GA 30078
(33.87745528200003, -84.01959756599996)","Yes","N","Yes","Y","Does not have a Cardiac Surgery Program","Yes","N",NA,"253 - OTHER VASCULAR PROCEDURES W CC","EMORY EASTSIDE MEDICAL CENTER","1700 MEDICAL WAY","SNELLVILLE","GA",30078,"GA - Atlanta",22,"$82691.04","$14598.22","$13492.13"
"4451",110192,"EASTSIDE MEDICAL CENTER","1700 MEDICAL WAY
SNELLVILLE, GA 30078
(33.87745528200003, -84.01959756599996)","Yes","N","Yes","Y","Does not have a Cardiac Surgery Program","Yes","N",NA,"330 - MAJOR SMALL & LARGE BOWEL PROCEDURES W CC","EMORY EASTSIDE MEDICAL CENTER","1700 MEDICAL WAY","SNELLVILLE","GA",30078,"GA - Atlanta",12,"$69759.25","$14720.16","$13873.83"
"4482",110198,"NORTH FULTON HOSPITAL","3000 HOSPITAL BOULEVARD
ROSWELL, GA 30076
(34.062344103000044, -84.32048394099996)","Yes","Y","Yes","Y","Does not have a Cardiac Surgery Program","Yes","N",NA,"329 - MAJOR SMALL & LARGE BOWEL PROCEDURES W MCC","NORTH FULTON REGIONAL HOSPITAL","3000 HOSPITAL BOULEVARD","ROSWELL","GA",30076,"GA - Atlanta",14,"$222836.35","$28843.35","$27351.92"
"4574",110215,"PIEDMONT FAYETTE HOSPITAL","1255 HIGHWAY 54 WEST
FAYETTEVILLE, GA 30214
(33.451039507000075, -84.50697213699993)","No","Y","Yes","Y","Does not have a Cardiac Surgery Program","Yes","N",NA,"419 - LAPAROSCOPIC CHOLECYSTECTOMY W/O C.D.E. W/O CC/MCC","PIEDMONT FAYETTE HOSPITAL","1255 HIGHWAY 54 WEST","FAYETTEVILLE","GA",30214,"GA - Atlanta",11,"$37974.00","$6759.90","$4902.54"
"4584",110215,"PIEDMONT FAYETTE HOSPITAL","1255 HIGHWAY 54 WEST
FAYETTEVILLE, GA 30214
(33.451039507000075, -84.50697213699993)","No","Y","Yes","Y","Does not have a Cardiac Surgery Program","Yes","N",NA,"247 - PERC CARDIOVASC PROC W DRUG-ELUTING STENT W/O MCC","PIEDMONT FAYETTE HOSPITAL","1255 HIGHWAY 54 WEST","FAYETTEVILLE","GA",30214,"GA - Atlanta",62,"$53208.46","$12584.69","$8993.88"
"4592",110215,"PIEDMONT FAYETTE HOSPITAL","1255 HIGHWAY 54 WEST
FAYETTEVILLE, GA 30214
(33.451039507000075, -84.50697213699993)","No","Y","Yes","Y","Does not have a Cardiac Surgery Program","Yes","N",NA,"330 - MAJOR SMALL & LARGE BOWEL PROCEDURES W CC","PIEDMONT FAYETTE HOSPITAL","1255 HIGHWAY 54 WEST","FAYETTEVILLE","GA",30214,"GA - Atlanta",46,"$53145.36","$14134.76","$12762.08"
"4596",110215,"PIEDMONT FAYETTE HOSPITAL","1255 HIGHWAY 54 WEST
FAYETTEVILLE, GA 30214
(33.451039507000075, -84.50697213699993)","No","Y","Yes","Y","Does not have a Cardiac Surgery Program","Yes","N",NA,"252 - OTHER VASCULAR PROCEDURES W MCC","PIEDMONT FAYETTE HOSPITAL","1255 HIGHWAY 54 WEST","FAYETTEVILLE","GA",30214,"GA - Atlanta",12,"$60246.75","$20007.00","$15338.25"
"4620",110215,"PIEDMONT FAYETTE HOSPITAL","1255 HIGHWAY 54 WEST
FAYETTEVILLE, GA 30214
(33.451039507000075, -84.50697213699993)","No","Y","Yes","Y","Does not have a Cardiac Surgery Program","Yes","N",NA,"254 - OTHER VASCULAR PROCEDURES W/O CC/MCC","PIEDMONT FAYETTE HOSPITAL","1255 HIGHWAY 54 WEST","FAYETTEVILLE","GA",30214,"GA - Atlanta",14,"$35861.57","$9593.50","$7060.57"
"4626",110215,"PIEDMONT FAYETTE HOSPITAL","1255 HIGHWAY 54 WEST
FAYETTEVILLE, GA 30214
(33.451039507000075, -84.50697213699993)","No","Y","Yes","Y","Does not have a Cardiac Surgery Program","Yes","N",NA,"238 - MAJOR CARDIOVASC PROCEDURES W/O MCC","PIEDMONT FAYETTE HOSPITAL","1255 HIGHWAY 54 WEST","FAYETTEVILLE","GA",30214,"GA - Atlanta",14,"$72154.07","$15641.00","$14837.00"
"4634",110215,"PIEDMONT FAYETTE HOSPITAL","1255 HIGHWAY 54 WEST
FAYETTEVILLE, GA 30214
(33.451039507000075, -84.50697213699993)","No","Y","Yes","Y","Does not have a Cardiac Surgery Program","Yes","N",NA,"329 - MAJOR SMALL & LARGE BOWEL PROCEDURES W MCC","PIEDMONT FAYETTE HOSPITAL","1255 HIGHWAY 54 WEST","FAYETTEVILLE","GA",30214,"GA - Atlanta",21,"$108043.61","$29968.09","$28855.61"
"4642",110215,"PIEDMONT FAYETTE HOSPITAL","1255 HIGHWAY 54 WEST
FAYETTEVILLE, GA 30214
(33.451039507000075, -84.50697213699993)","No","Y","Yes","Y","Does not have a Cardiac Surgery Program","Yes","N",NA,"253 - OTHER VASCULAR PROCEDURES W CC","PIEDMONT FAYETTE HOSPITAL","1255 HIGHWAY 54 WEST","FAYETTEVILLE","GA",30214,"GA - Atlanta",19,"$57610.00","$13368.00","$12540.63"
"4644",110215,"PIEDMONT FAYETTE HOSPITAL","1255 HIGHWAY 54 WEST
FAYETTEVILLE, GA 30214
(33.451039507000075, -84.50697213699993)","No","Y","Yes","Y","Does not have a Cardiac Surgery Program","Yes","N",NA,"418 - LAPAROSCOPIC CHOLECYSTECTOMY W/O C.D.E. W CC","PIEDMONT FAYETTE HOSPITAL","1255 HIGHWAY 54 WEST","FAYETTEVILLE","GA",30214,"GA - Atlanta",22,"$43681.31","$9814.86","$7873.27"
"4678",110225,"PIEDMONT MOUNTAINSIDE HOSPITAL INC","1266 HIGHWAY 515 SOUTH
JASPER, GA 30143
(34.44710828500007, -84.44623130299999)","Yes","N","Yes","N","Does not have a Cardiac Surgery Program","Yes","N",NA,"329 - MAJOR SMALL & LARGE BOWEL PROCEDURES W MCC","PIEDMONT MOUNTAINSIDE HOSPITAL INC","1266 HIGHWAY 515 SOUTH","JASPER","GA",30143,"GA - Atlanta",11,"$77091.63","$28245.45","$27327.90"
"4726",110229,"PIEDMONT NEWNAN HOSPITAL, INC","745 POPLAR ROAD
NEWNAN, GA 30265
(33.359402432000024, -84.75474734399995)","Yes","N","Yes","N","Does not have a Cardiac Surgery Program","Yes","N",NA,"252 - OTHER VASCULAR PROCEDURES W MCC","PIEDMONT NEWNAN HOSPITAL, INC","60 HOSPITAL ROAD","NEWNAN","GA",30263,"GA - Atlanta",11,"$57852.63","$17778.18","$16957.81"
"4764",110229,"PIEDMONT NEWNAN HOSPITAL, INC","745 POPLAR ROAD
NEWNAN, GA 30265
(33.359402432000024, -84.75474734399995)","Yes","N","Yes","N","Does not have a Cardiac Surgery Program","Yes","N",NA,"418 - LAPAROSCOPIC CHOLECYSTECTOMY W/O C.D.E. W CC","PIEDMONT NEWNAN HOSPITAL, INC","60 HOSPITAL ROAD","NEWNAN","GA",30263,"GA - Atlanta",11,"$51779.09","$10152.45","$9240.81"
"4772",110229,"PIEDMONT NEWNAN HOSPITAL, INC","745 POPLAR ROAD
NEWNAN, GA 30265
(33.359402432000024, -84.75474734399995)","Yes","N","Yes","N","Does not have a Cardiac Surgery Program","Yes","N",NA,"329 - MAJOR SMALL & LARGE BOWEL PROCEDURES W MCC","PIEDMONT NEWNAN HOSPITAL, INC","60 HOSPITAL ROAD","NEWNAN","GA",30263,"GA - Atlanta",12,"$117209.66","$31243.58","$30310.91"
"4778",110230,"EMORY JOHNS CREEK HOSPITAL","6325 HOSPITAL PARKWAY
JOHNS CREEK, GA 30097
(34.067499147000035, -84.17527986699997)","Yes","Y","Yes","Y","Does not have a Cardiac Surgery Program","Yes","N",NA,"330 - MAJOR SMALL & LARGE BOWEL PROCEDURES W CC","EMORY JOHNS CREEK HOSPITAL","6325 HOSPITAL PARKWAY","JOHNS CREEK","GA",30097,"GA - Atlanta",13,"$38098.84","$14197.07","$8260.38"
"4785",110230,"EMORY JOHNS CREEK HOSPITAL","6325 HOSPITAL PARKWAY
JOHNS CREEK, GA 30097
(34.067499147000035, -84.17527986699997)","Yes","Y","Yes","Y","Does not have a Cardiac Surgery Program","Yes","N",NA,"247 - PERC CARDIOVASC PROC W DRUG-ELUTING STENT W/O MCC","EMORY JOHNS CREEK HOSPITAL","6325 HOSPITAL PARKWAY","JOHNS CREEK","GA",30097,"GA - Atlanta",12,"$68739.58","$13531.75","$10480.75"
"4796",110230,"EMORY JOHNS CREEK HOSPITAL","6325 HOSPITAL PARKWAY
JOHNS CREEK, GA 30097
(34.067499147000035, -84.17527986699997)","Yes","Y","Yes","Y","Does not have a Cardiac Surgery Program","Yes","N",NA,"254 - OTHER VASCULAR PROCEDURES W/O CC/MCC","EMORY JOHNS CREEK HOSPITAL","6325 HOSPITAL PARKWAY","JOHNS CREEK","GA",30097,"GA - Atlanta",14,"$77596.35","$19659.64","$16741.35"
"4803",110230,"EMORY JOHNS CREEK HOSPITAL","6325 HOSPITAL PARKWAY
JOHNS CREEK, GA 30097
(34.067499147000035, -84.17527986699997)","Yes","Y","Yes","Y","Does not have a Cardiac Surgery Program","Yes","N",NA,"249 - PERC CARDIOVASC PROC W NON-DRUG-ELUTING STENT W/O MCC","EMORY JOHNS CREEK HOSPITAL","6325 HOSPITAL PARKWAY","JOHNS CREEK","GA",30097,"GA - Atlanta",13,"$53219.15","$10724.07","$9219.38"
"4807",110230,"EMORY JOHNS CREEK HOSPITAL","6325 HOSPITAL PARKWAY
JOHNS CREEK, GA 30097
(34.067499147000035, -84.17527986699997)","Yes","Y","Yes","Y","Does not have a Cardiac Surgery Program","Yes","N",NA,"253 - OTHER VASCULAR PROCEDURES W CC","EMORY JOHNS CREEK HOSPITAL","6325 HOSPITAL PARKWAY","JOHNS CREEK","GA",30097,"GA - Atlanta",15,"$83851.53","$21982.93","$21005.93"
